Eps-net with straight walk

surface epsilon 0.5 0.2 0.1 0.05
0 : 0.233973 0.983653 3.19709 10.818 
1 : 0.197394 1.02256 3.52381 11.8167 
2 : 0.198081 0.942469 3.06525 10.3144 
3 : 0.417982 1.81859 5.29399 16.3745 
4 : 0.321861 1.60759 4.8723 15.2799 
5 : 0.293692 1.29407 4.58655 14.2979 
6 : 0.388543 1.54204 4.69631 14.6885 
7 : 0.47077 1.87399 5.65295 17.7143 
8 : 0.254763 0.999892 2.77079 10.9928 
9 : 0.263004 1.34549 4.16684 13.9958 
10 : 0.241356 1.326 4.06721 13.3126 
11 : 0.202421 0.935711 3.2448 11.3571 
12 : 0.681039 3.31639 10.9537 31.6225 
13 : 0.241063 1.12901 3.80234 12.9294 
14 : 0.437401 2.14477 6.97343 20.6598 
15 : 0.263175 1.03114 3.1037 11.0875 
16 : 0.239828 1.00434 3.15772 9.34207 
17 : 0.254435 1.16368 3.44929 11.2287 
18 : 0.395886 1.58973 4.67406 15.3915 
19 : 0.237826 1.14536 3.66311 12.6111 
20 : 0.462269 1.67396 4.66559 14.3978 
21 : 0.241391 1.09635 3.49329 12.0215 
22 : 0.18395 0.969256 3.19531 9.09155 
23 : 0.263674 1.14998 3.82089 12.9092 
24 : 0.176372 0.81893 2.60068 9.44039 
25 : 0.28248 1.29291 4.12502 13.7365 
26 : 0.286561 1.39203 4.36182 14.4631 
27 : 0.274947 1.65251 4.71611 15.3738 
28 : 0.527105 1.94705 6.24774 19.0365 
29 : 0.428896 2.06885 5.85494 17.9223 
30 : 0.281496 1.59842 3.947 14.2518 
31 : 0.391423 1.73132 5.26022 15.8616 
32 : 0.331197 1.60706 5.22853 16.5441 
33 : 0.310276 1.1935 3.51101 11.8305 
34 : 0.182821 0.989587 2.55237 10.4428 
35 : 0.34455 1.33592 3.97379 12.734 
36 : 0.262876 1.48391 4.34212 14.152 
37 : 0.277215 1.32222 4.07841 13.4922 
38 : 0.246 1.11626 3.29111 11.9263 
39 : 0.247226 1.04938 3.43501 11.3005 
40 : 0.509331 1.69943 5.01554 15.8889 
41 : 0.227999 1.08687 3.14917 11.9837 
42 : 0.2637 1.20811 3.69442 12.5164 
43 : 0.494406 1.97957 4.97541 15.8063 
44 : 0.247749 1.17273 3.52724 10.714 
45 : 0.268915 1.22359 4.45364 16.1708 
46 : 0.231071 0.969622 3.12937 9.66138 
47 : 0.1925 0.880535 3.21606 10.9487 
48 : 0.479538 1.8993 5.55738 16.687 
49 : 0.240148 1.0611 3.44891 10.5101 
50 : 0.267353 1.38524 4.07615 13.5056 
51 : 0.709473 3.61353 10.1209 31.0775 
52 : 0.40465 1.86995 5.39523 17.0518 
53 : 0.208328 0.862012 2.86793 9.99182 
54 : 0.672964 3.01138 9.08694 29.1631 
55 : 0.321627 1.47876 4.11624 13.6287 
56 : 0.407291 1.80519 5.00046 16.5087 
57 : 0.166379 0.787625 2.68382 9.2951 
58 : 0.204109 0.728218 2.74452 11.8661 
59 : 0.427957 1.54292 4.84984 15.1136 
60 : 0.186533 0.828133 2.72708 10.2873 
61 : 0.311374 1.62661 5.28 16.9186 
62 : 0.200061 0.941824 3.05889 10.8756 
63 : 0.431068 2.14165 6.07089 18.5735 
64 : 0.286093 1.44999 4.28734 14.1816 
65 : 1.29639 3.10832 8.06587 27.818 
66 : 0.295265 1.0658 3.14684 11.008 
67 : 0.320916 1.4203 4.01185 13.2649 
68 : 0.232814 0.962494 3.02625 10.1582 
69 : 0.262023 1.17155 3.56374 11.7827 
70 : 0.445742 1.74502 5.21221 16.2597 
71 : 0.282919 1.08965 2.984 10.4136 
72 : 0.219343 1.24028 4.09672 12.7274 
73 : 0.222599 0.96326 2.83114 10.7348 
74 : 0.212246 1.13267 3.57846 12.2715 
75 : 0.231529 1.34296 4.59957 13.836 
76 : 0.331563 1.33868 4.22687 11.303 
77 : 0.260371 0.882614 3.05759 11.0633 
78 : 0.186746 1.50252 4.59737 15.8805 
79 : 0.480922 2.33774 7.33244 22.069 
80 : 0.288237 1.1974 3.47712 11.087 
81 : 0.256447 1.03996 2.95928 9.94893 
82 : 0.653824 1.99748 5.25866 19.8007 
83 : 0.273669 1.71638 6.50979 18.266 
84 : 0.211294 1.10951 3.49678 11.8853 
85 : 0.291647 1.1455 3.52082 10.9633 
86 : 0.282329 1.35474 3.85867 13.9929 
87 : 0.314331 1.48463 4.38745 12.9859 
88 : 0.27958 1.13993 3.31375 10.5822 
89 : 0.230504 1.0096 3.53697 12.6114 
90 : 0.311613 1.34327 4.14834 14.1369 
91 : 0.665802 3.22945 9.65802 28.7495 
92 : 0.355991 1.74121 5.149 16.7487 
93 : 0.199962 0.803509 2.37146 9.52443 
94 : 0.410583 2.1473 6.75801 20.2707 
95 : 0.350611 1.67393 4.23331 16.3394 
96 : 0.303905 1.29812 3.90478 12.8587 
97 : 0.275924 1.21078 3.599 12.1515 
98 : 0.263079 1.09758 3.00874 10.6815 
99 : 0.19427 0.983118 3.14438 10.8172 

