Eps-net with visibility walk

surface epsilon 0.5 0.2 0.1 0.05
0 : 0.223393 0.947509 2.92551 10.1163 
1 : 0.219342 1.10695 3.54849 11.6127 
2 : 0.190983 1.02099 3.16543 11.4088 
3 : 0.700416 3.06547 8.77866 25.1705 
4 : 0.20779 1.04621 3.45987 11.789 
5 : 0.357895 1.7943 4.77948 15.0873 
6 : 0.461326 1.784 5.01231 15.3494 
7 : 0.556383 2.05798 6.15835 17.038 
8 : 0.151061 0.739882 2.59705 11.3061 
9 : 0.343135 1.87187 5.36655 17.1927 
10 : 0.304663 1.56326 5.02778 15.2324 
11 : 0.189984 0.755651 2.40296 8.88528 
12 : 0.407468 1.81609 5.01892 16.0134 
13 : 0.269057 1.2013 3.62359 11.8086 
14 : 0.486418 2.39683 7.148 21.153 
15 : 0.212385 0.927823 2.75886 9.37791 
16 : 0.213105 0.829607 2.84475 11.6111 
17 : 0.306424 1.29152 3.6192 11.9993 
18 : 0.382759 1.84451 5.12174 16.008 
19 : 0.179986 0.849174 2.68258 10.9976 
20 : 0.436907 2.0403 5.72561 17.072 
21 : 0.235183 1.14037 3.08482 11.0318 
22 : 0.247759 1.07016 3.36278 11.1701 
23 : 0.393994 2.00683 5.91763 16.64 
24 : 0.173114 0.814722 2.56752 9.53642 
25 : 0.280717 1.19551 3.45704 11.3838 
26 : 0.303051 1.2704 4.02826 12.9061 
27 : 0.277327 1.58891 4.13623 12.895 
28 : 0.398545 2.13383 6.87252 20.2943 
29 : 0.422968 1.62061 4.42372 15.2299 
30 : 0.451302 1.61376 4.60425 13.5318 
31 : 0.332175 1.64855 4.64817 14.9676 
32 : 0.302035 1.46395 4.1926 13.9508 
33 : 0.300057 1.18807 3.869 13.7198 
34 : 0.18814 0.868651 2.83729 10.0841 
35 : 0.399862 1.75226 5.08514 17.1601 
36 : 0.296692 1.45264 4.32055 13.3354 
37 : 0.347722 1.54405 4.52434 13.7186 
38 : 0.186355 1.06632 3.40561 11.4835 
39 : 0.254232 0.981586 2.78201 9.98936 
40 : 0.563371 2.30866 6.52918 19.4855 
41 : 0.265437 1.31641 4.10836 13.2327 
42 : 0.254086 1.09314 3.25554 10.8903 
43 : 0.365694 2.13494 6.61369 21.8392 
44 : 0.240614 1.04012 2.74838 10.6635 
45 : 0.384724 1.96304 5.77896 18.1441 
46 : 0.236075 1.26642 4.13961 13.9833 
47 : 0.265445 1.09161 3.22807 10.9253 
48 : 0.312336 1.34402 3.61957 13.0105 
49 : 0.179812 0.827255 2.66896 11.1038 
50 : 0.26261 1.22166 3.8788 12.8638 
51 : 1.39632 5.5093 15.2612 43.9518 
52 : 0.457276 1.77178 5.17663 16.4716 
53 : 0.238524 1.05402 3.35115 11.7847 
54 : 0.643855 2.78157 8.53111 25.7717 
55 : 0.261185 1.00698 3.6319 12.8803 
56 : 0.520105 2.10513 6.73748 16.268 
57 : 0.129146 0.63902 2.23423 8.03917 
58 : 0.214313 0.920694 3.26034 12.4976 
59 : 0.58665 2.80875 7.92709 22.0455 
60 : 0.2211 1.04507 3.77538 12.2468 
61 : 0.237802 0.958946 3.18173 10.204 
62 : 0.275204 1.31781 4.173 13.3524 
63 : 0.454936 2.18203 6.3273 19.1484 
64 : 0.376003 1.53373 4.04593 14.6203 
65 : 0.746733 2.54137 7.4759 22.1153 
66 : 0.485224 2.33492 6.67845 20.5301 
67 : 0.350508 1.39302 4.10219 13.5411 
68 : 0.237248 1.29201 3.92122 12.8744 
69 : 0.250495 1.25413 3.89439 12.9908 
70 : 0.468615 1.81534 5.26975 16.4324 
71 : 0.223283 0.947954 2.98985 10.5581 
72 : 0.272622 1.25237 4.01407 11.7104 
73 : 0.296684 1.16125 3.43769 11.3883 
74 : 0.239639 1.37034 4.45892 14.9494 
75 : 0.314386 1.17033 3.72678 12.4955 
76 : 0.391031 1.6976 5.745 17.9268 
77 : 0.265193 1.03887 3.36489 11.826 
78 : 0.175349 0.833264 2.74789 9.78652 
79 : 0.588587 2.53438 6.37007 17.4068 
80 : 0.328763 1.31294 4.07627 13.7194 
81 : 0.314263 1.27303 3.86442 12.9318 
82 : 0.692987 2.3759 7.24723 22.094 
83 : 0.550928 1.98435 5.5878 17.4129 
84 : 0.208954 1.12133 3.65115 12.2292 
85 : 0.282699 1.33081 3.91504 12.8796 
86 : 0.298828 1.24472 3.88109 11.911 
87 : 0.18777 0.801006 2.46989 9.03157 
88 : 0.258452 1.18966 3.6358 12.8864 
89 : 0.494198 2.23633 6.6821 21.2238 
90 : 0.308911 1.39055 4.24266 13.5294 
91 : 0.491449 2.1798 6.73791 23.6969 
92 : 0.396615 1.1611 3.82242 14.2181 
93 : 0.202624 0.803443 2.68763 9.78008 
94 : 0.320283 1.36025 3.94616 12.1487 
95 : 0.360324 1.69789 4.84747 14.4032 
96 : 0.340784 1.51445 5.09472 17.3403 
97 : 0.200965 0.876518 2.73745 9.39543 
98 : 0.324854 1.469 4.19467 12.9687 
99 : 0.274312 1.2455 3.77112 12.706 

