surface/epsilon 0.5 0.49 0.48 0.47 0.46 0.45 0.44 0.43 0.42 0.41 0.4 0.39 0.38 0.37 0.36 0.35 0.34 0.33 0.32 0.31 0.3 0.29 0.28 0.27 0.26 0.25 0.24 0.23 0.22 0.21 0.2 0.19 0.18 0.17 0.16 0.15 0.14 0.13 0.12 0.11 0.1 0.09 0.08 0.07 0.06 0.05 0.04 0.03 0.02 0.01 
0 31 33 37 38 39 40 43 49 50 52 52 54 61 64 66 69 70 85 89 93 99 107 110 115 127 138 144 155 171 193 219 239 265 299 337 382 445 503 593 710 861 1065 1365 1737 2372 3486 5389 9564 21561 86397 
1 33 35 37 39 40 41 44 47 51 54 58 60 62 64 67 70 72 78 84 90 94 98 111 123 133 144 152 160 174 190 208 234 267 295 333 382 443 513 597 709 871 1071 1345 1757 2393 3462 5375 9598 21476 86353 
2 35 37 37 39 39 41 42 48 50 52 55 58 59 62 67 71 75 78 80 82 90 98 108 118 130 141 154 166 180 192 214 233 255 295 345 389 440 516 591 709 862 1080 1363 1752 2371 3436 5388 9567 21585 86248 
3 34 35 37 38 39 41 44 45 46 49 55 58 59 60 65 69 73 77 83 88 99 106 111 119 130 138 152 159 170 193 217 241 275 302 336 385 432 510 608 722 868 1072 1329 1748 2417 3473 5407 9564 21633 86290 
4 36 38 38 38 39 41 43 46 49 53 54 56 61 65 68 70 73 77 82 87 94 102 109 117 126 137 153 169 181 193 214 232 265 300 343 378 439 510 614 716 860 1075 1352 1772 2394 3447 5410 9588 21573 86248 
5 33 35 38 39 41 44 45 49 50 54 56 60 63 63 63 65 69 73 77 87 92 105 112 121 130 138 154 165 178 196 216 235 265 301 338 385 451 515 606 704 865 1064 1359 1784 2385 3435 5435 9590 21592 86375 
6 34 36 39 39 42 43 43 46 51 52 54 54 57 62 68 69 74 78 82 88 95 101 106 116 130 137 145 165 178 200 214 239 266 297 337 388 447 509 597 712 863 1060 1342 1744 2396 3464 5362 9603 21645 86428 
7 38 38 39 40 43 44 44 44 45 51 55 56 61 65 67 71 75 80 85 91 97 105 113 118 129 134 146 163 177 200 218 232 263 304 345 391 437 502 596 708 859 1072 1358 1780 2384 3464 5375 9617 21506 86235 
8 33 35 36 38 41 43 43 44 46 50 54 54 58 59 67 72 76 85 90 91 101 109 115 119 124 132 146 159 173 194 216 243 265 301 348 390 451 504 606 715 853 1074 1342 1753 2395 3476 5355 9576 21608 86336 
9 33 33 37 40 41 42 43 47 51 53 55 57 61 64 67 68 72 77 81 88 97 106 109 118 126 135 149 167 180 197 211 240 270 298 336 390 440 512 599 706 873 1073 1345 1767 2382 3453 5392 9581 21579 86268 
10 37 42 42 42 44 46 48 48 49 51 52 56 58 58 60 66 73 82 90 91 100 105 109 116 127 140 151 160 178 195 214 241 263 312 347 386 438 500 587 712 873 1078 1357 1738 2405 3428 5383 9566 21561 86336 
11 33 34 34 38 39 40 43 47 48 51 54 58 58 62 65 73 77 80 84 89 97 101 111 118 121 128 153 164 185 205 216 235 265 297 331 378 436 514 614 716 880 1060 1347 1782 2385 3456 5415 9598 21599 86590 
12 34 35 35 37 40 41 44 47 53 53 55 57 60 64 66 69 75 78 85 94 101 109 112 116 125 132 146 165 178 200 220 247 273 304 339 393 444 504 592 704 872 1069 1367 1760 2386 3455 5406 9614 21565 86207 
13 36 37 39 43 43 44 45 46 52 52 53 54 56 57 61 68 72 78 82 90 93 99 106 125 133 141 152 165 180 194 210 237 267 291 335 393 446 514 596 713 854 1053 1354 1781 2368 3448 5416 9577 21611 86155 
14 36 37 40 40 42 42 44 45 47 50 54 56 62 64 68 73 77 80 83 85 100 103 107 118 130 136 152 166 178 192 213 240 259 307 341 380 437 514 601 718 864 1064 1368 1768 2375 3448 5409 9582 21588 86244 
15 34 35 37 39 41 41 41 42 46 48 51 55 59 63 68 70 76 85 88 91 96 104 113 122 130 140 148 163 182 200 210 235 273 293 333 386 447 518 600 713 862 1055 1336 1761 2428 3438 5390 9541 21635 86179 
16 36 38 40 41 43 46 48 49 50 51 53 58 59 61 65 68 73 73 83 88 93 105 112 121 132 141 151 164 178 194 216 230 264 296 336 393 441 517 608 706 854 1067 1339 1735 2420 3449 5410 9586 21595 86245 
17 35 35 36 38 39 43 44 45 49 53 56 57 60 65 70 75 78 80 81 83 92 104 114 122 126 140 149 168 181 202 220 242 271 301 334 385 453 511 597 713 874 1055 1347 1775 2414 3453 5361 9652 21609 86436 
18 37 37 38 38 42 45 45 47 48 51 55 55 58 64 66 70 75 82 86 93 97 103 110 116 124 136 148 161 176 196 218 243 271 301 340 385 438 510 592 722 873 1063 1326 1760 2414 3452 5418 9579 21650 86291 
19 34 37 37 38 39 40 42 44 47 52 57 60 64 61 65 70 75 80 90 92 97 105 112 116 124 136 149 154 176 193 214 245 272 304 331 372 434 508 596 733 871 1061 1346 1758 2392 3447 5382 9561 21588 86266 
20 36 37 38 38 40 42 44 46 46 47 49 53 57 62 66 72 75 80 85 92 98 107 111 119 124 136 145 165 179 193 206 233 266 299 355 387 437 507 600 699 868 1068 1333 1794 2386 3439 5398 9634 21599 86391 
21 34 36 36 39 42 46 48 49 51 56 58 59 60 63 65 68 71 77 79 88 94 102 110 123 127 137 147 162 190 204 226 240 265 290 333 383 438 509 595 714 868 1079 1357 1750 2390 3445 5393 9583 21674 86521 
22 35 36 36 38 39 41 43 44 47 49 51 54 57 61 68 71 79 88 90 93 99 103 107 119 130 136 146 161 173 193 216 245 265 305 340 388 439 511 593 715 855 1053 1345 1778 2384 3432 5435 9526 21541 86150 
23 35 35 37 38 40 42 46 49 50 54 56 58 64 67 68 69 73 80 81 91 93 98 105 116 130 146 154 167 178 195 219 238 263 300 334 382 449 522 604 703 855 1042 1357 1781 2391 3439 5420 9565 21490 86267 
24 34 36 36 40 41 44 45 48 50 53 55 56 59 63 66 69 75 80 85 91 96 105 113 117 128 138 145 160 176 196 211 246 270 301 341 384 437 508 601 713 875 1058 1345 1754 2405 3486 5398 9584 21533 86095 
25 35 37 39 40 41 45 46 48 50 51 53 54 56 62 65 69 74 81 86 92 97 104 110 121 128 137 150 162 178 191 211 235 267 307 348 388 435 505 591 725 882 1078 1351 1730 2404 3471 5408 9575 21658 86441 
26 35 35 35 40 42 43 44 48 49 49 52 56 59 64 68 73 76 78 88 90 92 101 104 112 122 135 143 160 180 205 222 244 272 295 322 373 437 518 610 731 863 1042 1333 1779 2421 3419 5442 9547 21596 86245 
27 33 35 39 42 43 45 48 49 50 52 56 58 60 65 67 71 75 80 79 86 97 101 109 116 123 135 154 159 172 195 218 241 264 304 337 386 445 509 607 718 863 1074 1336 1756 2412 3469 5370 9639 21633 86358 
28 35 36 37 39 41 42 42 44 46 52 53 56 56 62 66 69 74 76 82 92 104 108 117 121 129 135 143 150 171 186 210 243 270 300 341 383 436 503 590 726 861 1068 1337 1739 2405 3466 5373 9583 21528 86353 
29 34 36 37 40 43 46 49 51 55 57 57 59 60 61 68 70 71 76 83 86 91 97 111 122 129 139 152 171 178 188 208 233 263 299 334 390 442 516 603 715 855 1051 1347 1799 2370 3420 5390 9585 21546 86173 
30 36 38 38 39 40 41 42 45 47 53 56 57 59 64 66 68 73 79 88 91 96 100 105 115 124 131 147 164 182 198 228 250 268 291 328 372 436 515 605 716 868 1048 1341 1774 2411 3431 5398 9523 21646 86411 
31 33 36 36 38 39 44 47 49 50 52 54 55 60 63 67 70 75 79 82 88 94 101 107 117 127 137 150 163 174 192 214 236 265 297 330 386 439 505 604 717 868 1052 1355 1792 2426 3425 5364 9619 21580 86193 
32 36 37 38 38 42 46 48 49 49 50 53 54 56 63 65 68 74 80 85 93 95 98 105 117 130 145 154 171 178 191 210 235 268 303 333 378 442 508 580 705 882 1095 1353 1751 2416 3456 5402 9618 21588 86444 
33 34 34 35 36 37 44 46 50 52 54 55 59 61 63 68 71 73 76 81 86 88 94 105 117 125 138 149 163 179 203 220 240 259 289 330 380 434 526 615 724 854 1046 1340 1776 2393 3404 5466 9565 21587 86242 
34 33 36 37 37 41 42 45 50 53 53 58 58 60 64 66 69 71 76 81 88 95 100 112 121 132 145 156 169 177 189 214 231 264 301 335 384 445 519 603 712 870 1081 1362 1751 2389 3459 5403 9634 21550 86410 
35 34 36 39 40 43 43 45 48 50 52 54 56 58 59 64 65 67 76 80 91 100 107 112 120 129 139 149 164 180 194 218 242 266 296 332 391 449 520 599 708 864 1067 1363 1757 2388 3469 5401 9594 21570 86188 
36 32 37 38 38 39 40 42 45 47 48 50 61 63 66 71 75 83 85 87 91 97 100 107 113 122 134 150 159 177 200 225 243 275 303 336 378 424 501 601 734 878 1067 1320 1748 2447 3425 5407 9638 21671 86269 
37 33 33 34 36 41 42 44 47 48 55 57 60 62 65 67 71 74 77 82 87 96 103 107 118 126 142 156 168 179 198 212 236 259 292 334 383 455 519 617 722 844 1055 1356 1781 2384 3392 5448 9524 21557 86191 
38 36 39 40 39 42 44 44 47 50 52 54 57 60 62 67 69 75 79 81 87 93 99 107 117 128 142 154 166 180 198 215 241 265 297 337 384 430 513 602 719 867 1035 1344 1781 2410 3435 5402 9543 21612 86258 
39 32 32 35 37 39 40 41 48 51 52 58 61 62 65 67 71 76 80 84 90 98 103 109 120 125 135 150 163 179 200 215 239 270 306 326 382 442 512 602 720 871 1064 1322 1765 2411 3457 5388 9618 21564 86265 
40 37 40 41 41 42 44 45 45 46 49 53 54 57 60 61 67 77 82 84 98 100 106 113 119 127 133 144 159 180 197 220 239 264 311 343 379 439 516 601 716 850 1069 1348 1784 2389 3440 5411 9604 21589 86379 
41 33 35 37 38 40 42 44 46 48 50 52 54 59 61 67 74 78 89 92 95 101 107 110 114 125 132 139 156 174 192 217 246 280 303 341 385 432 500 587 715 881 1081 1327 1750 2420 3449 5365 9656 21634 86370 
42 34 37 41 41 44 46 49 49 50 51 52 57 59 61 62 66 75 80 87 89 94 105 112 119 137 143 154 163 178 194 208 236 257 298 342 396 450 515 603 703 856 1064 1388 1758 2381 3456 5404 9525 21606 86400 
43 33 35 37 39 41 44 46 49 51 53 57 58 61 63 67 70 73 78 82 94 98 104 110 118 126 133 147 157 174 192 216 238 277 300 337 380 447 508 590 690 877 1075 1357 1759 2406 3440 5368 9541 21541 86242 
44 37 38 40 41 43 44 45 45 47 49 56 58 60 64 70 71 74 80 82 87 93 100 108 121 127 141 153 168 181 205 219 236 269 297 338 381 431 525 608 703 850 1077 1354 1738 2411 3464 5414 9610 21577 86321 
45 34 36 39 41 43 44 45 47 47 49 56 59 60 61 65 71 75 80 84 91 98 104 109 119 128 138 151 161 174 198 223 246 271 299 341 381 431 508 597 715 860 1072 1346 1758 2397 3453 5371 9618 21506 86340 
46 33 37 37 39 39 41 44 45 49 49 52 56 59 62 63 66 69 77 81 87 91 102 111 122 135 143 152 163 177 195 207 231 259 292 340 396 456 525 601 713 848 1056 1357 1775 2371 3456 5404 9551 21474 86167 
47 35 37 39 42 43 44 45 48 48 52 54 55 59 61 64 69 74 78 79 84 91 96 111 118 134 146 157 166 182 195 210 235 259 298 335 380 447 516 608 724 847 1056 1347 1773 2404 3462 5365 9573 21553 86241 
48 35 36 36 37 39 41 42 46 48 51 57 58 60 61 67 72 76 82 84 87 93 103 112 121 128 135 144 161 180 198 221 240 272 298 339 376 443 515 591 717 873 1072 1343 1774 2382 3496 5391 9605 21623 86312 
49 33 37 38 40 42 43 45 46 46 49 53 55 58 61 66 71 76 82 85 91 97 105 111 114 127 137 149 159 178 194 214 240 270 302 341 390 438 502 610 710 851 1069 1354 1774 2413 3450 5416 9613 21562 86423 
50 33 34 36 38 39 44 47 50 52 55 56 57 60 65 66 69 74 79 83 90 95 102 110 119 129 137 152 162 180 199 219 237 264 291 330 381 442 512 607 713 867 1061 1344 1765 2401 3453 5389 9598 21581 86327 
51 35 37 39 40 41 44 48 48 53 53 55 57 59 62 65 73 74 81 85 87 92 100 107 117 129 140 150 160 182 199 216 237 262 299 335 385 442 510 599 702 857 1078 1349 1755 2383 3469 5367 9590 21524 86378 
52 35 35 36 36 39 42 44 45 49 51 54 56 59 63 68 70 80 82 86 96 98 100 107 111 120 132 149 165 180 198 214 240 271 300 341 384 434 502 590 709 855 1069 1351 1751 2408 3476 5341 9630 21583 86427 
53 37 37 38 40 41 42 44 48 48 48 52 54 60 62 67 70 70 76 84 95 101 103 108 120 130 143 148 160 173 188 213 234 267 303 344 386 448 506 598 707 855 1070 1369 1749 2389 3460 5363 9588 21526 86347 
54 33 34 38 40 43 45 46 47 49 51 51 54 55 62 65 71 77 80 85 89 94 107 113 120 129 138 154 167 182 192 212 234 267 299 346 392 439 503 596 700 861 1091 1360 1754 2381 3452 5400 9614 21520 86199 
55 35 37 40 40 43 44 47 49 50 52 55 57 59 64 67 72 78 79 87 89 96 103 108 119 127 136 151 163 182 196 222 245 275 300 331 379 436 507 605 720 861 1066 1346 1774 2417 3440 5429 9556 21555 86291 
56 36 36 36 40 42 47 48 50 52 53 55 57 59 61 66 72 77 84 88 91 99 101 112 124 132 142 151 160 175 196 214 236 274 302 334 384 436 509 595 712 859 1073 1349 1752 2402 3449 5400 9621 21532 86361 
57 35 35 37 38 39 40 41 44 46 48 50 52 59 64 69 72 77 84 87 92 99 101 110 115 126 135 150 162 173 198 213 236 264 291 337 384 448 513 606 707 849 1062 1358 1783 2384 3445 5408 9556 21541 86283 
58 34 37 39 40 41 43 44 50 52 54 56 58 61 63 63 66 69 72 77 88 96 104 110 126 132 142 156 172 184 197 210 224 256 293 336 403 454 516 607 709 844 1084 1369 1767 2372 3439 5433 9602 21557 86186 
59 36 37 37 38 41 42 44 47 49 51 56 57 58 61 64 68 72 80 86 90 98 102 111 116 127 140 143 165 189 202 216 236 265 296 330 375 431 513 593 717 849 1062 1356 1762 2378 3467 5448 9606 21535 86349 
60 34 37 37 38 38 39 44 46 49 52 53 56 58 64 68 71 74 82 88 94 95 99 106 112 122 135 143 165 180 197 227 248 272 303 329 374 422 505 595 726 870 1063 1346 1785 2398 3459 5427 9531 21549 86060 
61 33 35 37 38 39 42 44 47 48 51 53 58 62 64 70 73 77 82 87 92 96 104 110 117 124 132 150 168 182 199 221 237 262 297 326 377 436 513 607 723 866 1065 1351 1766 2402 3441 5395 9563 21551 86208 
62 33 36 37 39 40 43 46 50 52 53 56 61 62 65 67 73 75 79 82 88 91 97 107 116 122 134 152 167 183 199 224 244 266 301 337 385 435 500 597 716 889 1059 1343 1735 2426 3447 5387 9640 21569 86275 
63 35 38 40 40 43 47 48 48 51 56 56 57 58 58 64 69 72 77 81 84 90 103 110 127 135 140 152 162 170 190 207 235 261 295 344 386 436 504 598 710 870 1083 1342 1769 2397 3463 5396 9599 21529 86319 
64 36 37 37 39 39 42 45 47 48 50 54 58 61 65 69 73 76 78 82 90 93 99 103 115 127 138 151 162 178 198 221 244 269 296 332 372 442 523 598 710 858 1057 1354 1779 2371 3461 5405 9557 21521 86160 
65 34 35 38 38 39 40 42 43 48 49 51 55 59 62 69 73 78 84 87 95 99 103 111 119 124 135 144 161 175 195 215 242 267 299 339 377 433 510 596 709 850 1044 1366 1786 2405 3399 5441 9514 21625 86302 
66 34 36 37 39 39 40 45 46 50 52 54 57 59 62 67 70 73 79 86 92 101 104 111 118 124 138 149 161 173 193 218 237 269 304 339 375 439 502 596 713 876 1076 1349 1746 2389 3461 5361 9577 21618 86500 
67 38 36 41 43 43 46 47 48 50 53 55 57 59 63 67 69 72 74 78 83 94 102 111 119 131 145 153 165 181 196 205 232 258 299 330 399 453 527 589 705 856 1092 1353 1755 2359 3465 5389 9583 21553 86254 
68 33 37 39 40 42 42 43 45 46 52 55 57 58 64 64 71 75 81 84 94 97 103 110 117 125 139 149 161 176 197 218 242 270 305 338 382 442 504 590 712 859 1073 1348 1759 2397 3450 5385 9586 21487 86303 
69 32 34 37 39 40 42 43 46 52 54 55 58 63 65 71 70 72 77 82 86 89 97 102 117 125 141 154 166 181 197 214 231 258 288 332 381 434 519 608 724 856 1048 1343 1764 2398 3438 5436 9538 21568 86146 
70 35 35 35 35 38 39 42 43 46 51 52 56 60 66 68 75 76 79 84 89 95 101 107 126 129 136 148 163 183 204 218 245 270 293 337 386 443 517 607 723 867 1055 1353 1756 2395 3427 5400 9534 21605 86155 
71 37 37 37 37 37 39 43 44 50 52 53 56 59 60 66 67 72 77 85 90 96 102 109 120 129 141 153 162 178 197 214 236 269 297 334 388 441 517 611 711 857 1055 1356 1764 2393 3453 5419 9598 21643 86348 
72 35 35 35 35 39 43 45 50 51 53 56 58 59 60 62 68 73 75 81 85 94 105 108 119 129 139 147 165 182 196 217 233 259 290 330 387 448 517 594 706 854 1069 1357 1758 2385 3454 5433 9587 21517 86214 
73 34 35 37 39 41 45 45 44 46 50 52 54 60 63 67 72 79 83 91 93 95 99 107 117 126 135 146 162 184 198 223 244 272 300 337 382 428 504 601 719 859 1058 1339 1779 2382 3452 5392 9601 21577 86196 
74 35 35 35 35 36 37 40 46 48 49 51 54 57 62 68 74 76 81 85 91 97 103 110 114 124 130 145 163 184 195 223 246 276 308 332 383 433 507 596 717 869 1073 1349 1750 2383 3472 5374 9599 21534 86364 
75 34 34 37 40 40 42 43 47 51 54 54 57 60 62 64 67 73 78 81 91 97 103 111 116 129 137 147 160 179 191 213 236 268 302 335 395 445 501 586 710 869 1078 1366 1751 2398 3445 5410 9615 21593 86254 
76 36 37 37 38 39 41 43 45 49 53 55 56 59 63 69 72 73 79 85 90 96 100 111 115 126 134 149 156 178 201 214 240 266 297 331 384 434 520 612 722 852 1054 1340 1766 2425 3428 5385 9583 21691 86290 
77 36 36 36 39 41 42 43 47 49 52 53 54 57 63 64 69 71 77 87 92 100 103 112 121 125 136 146 162 179 194 216 241 270 300 337 377 437 516 595 707 875 1070 1351 1762 2406 3438 5431 9544 21604 86308 
78 34 36 36 37 38 39 41 42 44 49 51 55 56 60 66 70 74 78 83 91 98 105 112 121 132 142 147 162 174 189 209 239 273 308 342 392 435 500 596 719 865 1079 1345 1758 2395 3465 5387 9619 21613 86366 
79 35 36 37 39 41 41 41 43 44 50 52 56 57 63 65 70 75 81 86 92 98 101 111 118 128 138 147 158 176 188 213 238 263 303 341 384 443 522 599 717 864 1073 1347 1754 2382 3469 5434 9571 21554 86294 
80 35 36 37 39 40 41 43 45 45 52 55 59 60 65 66 70 75 79 84 92 98 102 109 112 125 135 153 164 180 201 217 239 271 294 337 384 434 518 603 713 869 1056 1347 1768 2426 3465 5425 9557 21589 86356 
81 30 31 36 39 42 46 48 48 50 52 54 58 59 62 66 69 74 76 85 95 99 102 110 118 128 141 149 157 166 187 211 244 275 306 337 375 450 509 589 714 882 1072 1352 1769 2394 3461 5423 9564 21566 86180 
82 35 35 37 38 38 39 39 44 47 49 52 55 59 66 69 71 77 82 88 93 97 100 107 113 127 135 146 164 184 198 217 245 270 299 332 379 432 511 592 725 884 1070 1324 1756 2434 3472 5353 9612 21660 86240 
83 34 36 37 39 39 43 43 45 47 52 55 56 61 62 67 72 79 80 86 95 99 105 112 119 125 132 146 165 178 189 213 244 273 302 331 386 430 507 607 717 871 1078 1349 1739 2392 3474 5377 9642 21629 86421 
84 35 36 37 38 38 42 45 49 51 53 54 55 59 63 64 68 71 79 85 91 96 103 112 123 131 138 149 158 172 195 216 246 273 305 345 396 435 502 597 710 871 1077 1332 1760 2424 3439 5389 9611 21610 86174 
85 33 36 38 40 43 43 46 47 49 49 53 54 59 62 65 72 76 81 82 86 90 102 110 119 126 139 151 158 172 189 213 239 270 299 345 387 437 499 586 714 865 1058 1339 1735 2404 3461 5380 9656 21564 86411 
86 32 34 38 39 41 42 47 47 51 54 56 58 59 63 65 70 74 78 80 88 94 103 112 118 124 134 147 162 181 196 217 240 270 304 341 383 435 506 602 719 871 1058 1346 1750 2394 3442 5419 9572 21613 86335 
87 35 36 39 41 42 43 48 49 50 51 52 55 59 64 69 71 73 77 83 86 93 102 115 120 130 146 151 162 179 195 211 234 261 300 344 382 432 517 598 710 874 1061 1339 1776 2388 3445 5413 9597 21610 86323 
88 34 36 36 37 41 41 44 48 50 50 55 55 55 57 59 64 71 78 86 93 98 105 114 122 131 141 152 164 178 194 209 230 267 298 345 396 441 503 584 706 868 1089 1351 1764 2415 3466 5349 9627 21548 86481 
89 34 35 36 38 40 40 42 45 52 54 56 58 62 63 66 72 75 76 80 88 94 101 113 123 132 137 145 158 176 193 215 235 267 289 339 387 447 509 595 709 866 1074 1345 1744 2401 3446 5409 9610 21543 86170 
90 32 34 35 38 39 40 43 46 47 51 55 62 58 65 65 69 71 80 86 91 95 99 100 112 126 134 146 160 174 197 223 240 268 297 327 376 429 515 614 705 869 1057 1347 1778 2409 3452 5387 9550 21616 86159 
91 33 35 37 40 41 42 45 48 53 53 57 59 61 65 65 67 72 80 84 87 94 95 101 110 128 148 159 166 180 193 208 231 254 287 331 371 448 513 603 726 865 1055 1347 1772 2416 3426 5415 9600 21596 86228 
92 38 39 40 42 43 45 47 47 48 49 50 55 56 58 64 71 73 81 88 94 98 105 110 117 124 135 148 159 177 194 212 241 265 303 343 386 443 506 598 709 863 1066 1336 1770 2411 3467 5362 9566 21572 86343 
93 35 35 36 38 39 40 41 44 45 45 48 52 55 60 64 68 77 81 90 97 101 107 111 120 128 135 140 154 169 188 216 239 275 308 344 379 431 502 587 714 865 1064 1370 1777 2392 3437 5401 9594 21592 86116 
94 31 34 35 35 42 42 43 47 48 53 58 59 63 66 69 74 79 83 83 86 93 98 106 116 122 135 147 162 180 193 215 245 268 293 335 382 449 508 602 711 865 1062 1356 1758 2399 3438 5420 9543 21628 86268 
95 32 33 35 36 39 42 42 45 47 50 54 58 60 64 66 71 75 84 85 91 98 104 105 111 123 135 147 165 177 195 219 246 273 303 332 377 433 512 607 720 861 1058 1329 1742 2415 3445 5402 9621 21634 86325 
96 34 37 38 39 40 43 44 48 50 50 53 56 57 63 66 70 75 81 84 92 99 103 113 120 132 140 151 162 176 195 220 244 268 299 334 392 451 509 592 721 866 1075 1350 1730 2409 3471 5397 9602 21548 86303 
97 32 33 35 37 41 42 43 50 51 52 55 57 59 62 65 68 73 79 84 88 96 100 107 122 136 139 147 164 178 195 211 234 262 301 341 393 444 508 581 706 877 1068 1359 1750 2382 3490 5360 9664 21572 86577 
98 33 35 38 41 41 44 47 51 52 53 57 59 62 62 66 70 74 78 78 84 90 100 107 114 125 139 151 165 179 193 210 234 265 293 328 383 453 517 590 713 859 1061 1385 1773 2349 3510 5385 9553 21535 86223 
99 35 35 36 39 40 43 46 48 51 54 55 59 62 65 65 73 76 79 84 91 95 97 106 115 127 134 150 163 182 204 219 242 268 299 333 389 451 516 595 717 859 1066 1370 1784 2376 3437 5423 9590 21532 86220 
100 37 40 40 40 42 42 45 49 51 52 52 54 58 61 63 66 71 75 82 90 94 103 113 127 132 142 153 165 171 188 207 230 263 301 335 392 455 519 585 707 850 1075 1366 1759 2360 3487 5402 9579 21583 86201 
101 34 38 38 38 39 40 42 45 47 49 52 55 58 62 67 68 73 80 89 94 97 105 116 124 129 135 146 157 174 192 215 242 270 306 343 388 430 494 591 731 878 1062 1339 1732 2401 3467 5377 9613 21648 86214 
102 35 39 42 42 42 42 45 47 48 50 50 54 55 60 68 71 72 73 80 90 95 102 109 119 128 137 153 166 181 196 210 243 270 294 332 381 443 514 591 723 857 1061 1347 1751 2430 3446 5377 9603 21604 86450 
103 33 36 39 40 41 42 46 49 50 51 53 56 58 64 68 69 75 79 88 92 97 103 112 121 127 136 149 160 181 191 213 246 273 297 337 379 427 503 602 708 880 1064 1354 1767 2409 3420 5407 9578 21525 86351 
104 33 34 37 37 39 41 43 45 51 55 59 62 65 68 70 74 76 79 86 89 94 100 107 113 125 141 149 166 183 199 223 246 263 301 339 389 437 501 597 725 875 1058 1356 1745 2398 3465 5352 9609 21548 86288 
105 36 38 39 39 41 43 46 47 49 52 55 60 60 61 66 69 72 77 84 87 94 97 105 118 129 140 149 166 183 198 216 233 260 293 336 385 440 528 597 703 845 1066 1342 1775 2391 3444 5423 9579 21532 86265 
106 32 33 34 35 38 39 40 47 50 54 57 59 61 63 69 72 75 80 82 89 95 99 106 119 128 136 146 159 182 198 215 241 265 299 323 374 445 515 593 717 856 1067 1347 1769 2400 3466 5402 9586 21572 86113 
107 35 35 36 36 37 40 42 44 45 51 56 58 64 66 69 72 76 76 81 85 94 104 110 118 125 136 150 164 179 192 211 237 265 296 338 385 435 516 592 726 854 1081 1338 1762 2407 3450 5390 9593 21611 86239 
108 35 37 38 39 41 41 42 42 43 45 48 54 58 58 62 70 76 80 92 98 102 108 116 120 123 131 141 155 170 190 213 247 276 309 340 379 443 501 587 716 874 1073 1355 1744 2407 3470 5385 9566 21606 86428 
109 32 35 36 37 38 42 44 47 50 53 55 56 59 63 65 70 76 80 85 91 100 105 112 121 129 134 150 159 173 194 211 240 267 290 334 389 439 514 604 707 860 1077 1346 1755 2394 3471 5403 9615 21547 86310 
110 33 37 40 41 42 43 46 46 48 53 54 59 59 61 65 72 76 82 87 91 97 104 108 113 125 142 150 170 180 201 213 233 264 294 337 392 443 509 600 707 874 1079 1376 1766 2394 3483 5409 9643 21602 86425 
111 34 35 37 37 38 40 46 48 48 51 53 56 57 64 69 75 76 82 85 88 93 101 109 117 128 142 149 162 177 192 215 239 281 305 333 376 436 509 601 715 867 1057 1335 1745 2419 3414 5376 9602 21637 86136 
112 32 35 36 38 39 43 47 51 53 56 56 60 62 65 69 72 76 76 82 87 92 95 105 114 126 139 149 163 179 201 220 238 267 292 333 365 444 520 604 725 855 1048 1342 1771 2413 3420 5421 9571 21600 86265 
113 34 35 36 37 38 43 44 47 50 52 55 55 59 64 64 69 70 73 82 87 95 100 109 123 134 143 148 160 174 201 217 245 275 297 334 386 442 503 599 704 849 1085 1353 1745 2395 3433 5379 9611 21600 86474 
114 33 33 37 39 44 45 46 50 52 55 56 60 63 65 67 71 75 80 85 88 97 100 111 121 129 137 148 160 173 194 218 241 268 300 329 386 455 516 601 700 854 1051 1347 1787 2406 3472 5396 9583 21597 86366 
115 37 38 38 39 39 39 41 44 45 47 51 57 60 63 67 71 78 81 85 89 95 100 108 119 124 138 151 164 179 193 219 239 270 299 341 386 438 507 596 721 857 1069 1358 1749 2412 3434 5405 9568 21588 86334 
116 31 32 33 36 38 40 48 49 50 55 57 60 65 68 71 73 76 80 81 86 91 100 105 115 124 131 145 161 185 203 223 243 266 292 331 379 446 510 599 717 872 1059 1342 1772 2419 3439 5377 9628 21646 86467 
117 35 37 37 38 42 47 48 51 52 53 55 55 58 60 66 68 70 75 80 88 92 101 113 119 135 140 155 167 178 194 211 237 261 284 332 381 451 513 602 705 853 1070 1360 1769 2391 3457 5415 9548 21588 86218 
118 35 36 37 40 41 43 44 46 47 47 50 53 54 60 63 70 72 79 84 93 102 105 112 119 127 138 147 155 174 192 213 239 265 309 350 382 439 497 590 712 875 1064 1359 1757 2412 3463 5404 9591 21515 86258 
119 35 35 35 37 40 41 42 45 47 51 55 57 60 62 66 71 77 81 86 91 94 102 108 120 130 140 149 164 178 189 207 241 278 300 342 381 442 511 590 705 866 1071 1345 1753 2413 3481 5407 9578 21602 86271 
120 35 36 36 39 42 43 44 46 47 51 52 55 60 60 65 67 71 79 84 87 98 104 114 125 131 141 145 158 175 194 219 249 269 297 330 377 435 507 604 722 856 1059 1347 1763 2408 3456 5367 9596 21541 86405 
121 32 35 36 36 37 38 40 42 48 51 53 55 58 62 66 70 79 84 91 93 100 106 116 119 125 135 146 158 173 191 212 238 272 297 344 383 440 503 602 731 876 1058 1329 1766 2420 3451 5401 9600 21603 86369 
122 35 36 38 38 42 43 43 46 47 49 51 54 59 63 67 71 76 81 85 88 94 104 108 118 133 139 147 160 174 190 214 238 261 294 329 390 435 505 597 714 870 1066 1346 1752 2397 3482 5353 9605 21673 86302 
123 33 34 35 35 37 39 41 43 46 54 59 61 65 65 69 72 77 81 84 91 93 96 105 117 125 139 149 161 182 203 222 252 276 302 334 367 434 514 619 728 876 1069 1319 1776 2409 3422 5413 9582 21638 86411 
124 34 36 37 38 39 41 42 44 45 49 53 57 59 63 68 71 74 79 85 91 96 99 109 118 123 137 150 165 182 194 218 237 275 302 332 388 442 503 591 704 867 1070 1349 1761 2413 3471 5412 9599 21596 86374 
125 34 36 37 39 39 42 43 44 49 55 57 59 63 64 64 70 72 74 83 87 92 98 106 115 126 138 156 165 179 201 218 242 266 291 328 391 443 496 601 721 864 1055 1343 1748 2396 3474 5394 9601 21604 86292 
126 39 40 41 42 43 44 44 44 46 46 50 53 54 56 59 66 75 80 85 93 96 105 111 121 131 137 146 155 169 187 214 228 269 305 349 390 441 504 585 717 868 1071 1345 1754 2389 3468 5375 9560 21636 86432 
127 35 35 35 38 41 42 45 46 50 54 60 64 67 68 70 74 75 81 86 90 93 96 103 114 122 137 154 169 178 197 217 240 267 298 333 383 427 510 602 719 865 1049 1349 1744 2391 3456 5404 9585 21624 86108 
128 35 37 37 39 43 43 46 49 51 51 54 58 58 59 63 67 73 78 86 89 94 101 106 121 132 141 150 164 182 196 214 237 261 287 332 374 443 513 599 714 863 1057 1333 1746 2377 3479 5386 9619 21569 86505 
129 38 39 39 39 39 39 42 47 48 50 54 57 57 59 62 67 72 80 86 96 102 106 112 122 130 136 147 160 176 192 209 242 260 306 343 383 443 511 600 712 869 1065 1350 1730 2385 3475 5369 9615 21560 86435 
130 37 38 38 39 39 43 44 45 47 48 49 54 55 60 66 73 76 81 88 91 94 102 110 117 126 136 149 161 181 195 217 238 275 304 343 384 429 510 601 720 866 1066 1346 1760 2398 3444 5391 9559 21614 86324 
131 36 37 38 39 42 43 43 47 49 50 51 54 56 61 62 65 72 76 86 92 97 111 119 124 132 138 149 160 169 181 208 241 274 306 346 385 441 497 579 705 884 1064 1347 1729 2398 3497 5382 9607 21631 86336 
132 33 34 37 37 40 41 44 46 51 54 55 59 64 67 69 70 72 75 82 89 95 104 111 122 128 138 148 165 178 196 222 240 265 300 338 378 432 508 594 716 870 1067 1332 1780 2415 3456 5399 9546 21670 86328 
133 33 35 36 36 37 40 42 44 48 51 53 59 60 64 67 70 75 79 89 90 96 100 107 117 128 138 148 163 178 195 220 243 263 303 329 384 442 516 599 713 860 1069 1348 1789 2393 3476 5355 9550 21619 86367 
134 36 37 37 39 40 42 45 46 46 47 49 50 53 60 67 73 77 82 85 91 99 104 115 122 128 139 150 157 171 185 212 235 268 308 334 388 442 495 592 719 879 1072 1332 1738 2415 3460 5345 9641 21586 86559 
135 33 35 39 41 41 42 44 45 48 50 55 59 61 66 66 68 73 74 80 88 95 106 111 120 128 145 155 170 179 198 210 240 264 295 349 392 440 503 591 701 857 1071 1361 1734 2397 3495 5393 9627 21471 86381 
136 31 33 38 41 42 43 46 49 53 55 56 57 62 64 68 72 75 78 80 83 89 99 104 115 126 142 155 170 182 200 215 235 258 290 325 372 434 514 598 721 872 1038 1342 1787 2398 3466 5415 9591 21489 86226 
137 35 36 39 42 43 43 47 49 51 53 55 59 61 65 66 71 75 79 84 91 96 102 108 117 127 139 154 168 186 200 220 238 259 291 332 365 450 521 602 700 851 1066 1353 1764 2396 3458 5420 9640 21519 86364 
138 34 36 36 36 37 37 43 45 48 52 54 56 57 61 68 72 74 82 85 93 95 100 109 115 128 140 151 165 180 197 212 238 267 294 337 391 438 507 592 714 862 1067 1355 1752 2385 3460 5429 9636 21627 86145 
139 35 36 37 38 40 41 45 47 50 52 55 58 61 63 69 70 74 80 85 88 96 103 109 119 123 134 145 159 187 196 221 236 265 302 342 379 435 502 580 721 874 1065 1327 1758 2402 3454 5367 9623 21575 86508 
140 35 37 39 40 41 41 44 47 51 51 53 54 56 60 63 68 76 80 87 90 99 103 113 125 129 139 149 158 172 192 206 237 261 307 350 382 435 498 585 707 871 1079 1351 1748 2399 3481 5399 9619 21574 86455 
141 33 33 35 36 39 39 39 47 48 53 54 58 60 61 66 72 76 80 88 90 96 104 113 119 123 134 141 156 165 190 219 249 279 298 331 375 423 491 606 727 888 1070 1309 1741 2454 3440 5364 9614 21710 86482 
142 33 34 36 37 38 40 43 44 46 52 55 58 60 64 68 73 77 85 87 90 93 98 105 123 129 138 147 155 173 191 216 244 272 303 343 387 442 507 583 715 874 1076 1339 1753 2404 3457 5404 9582 21658 86369 
143 32 34 35 38 39 43 46 47 47 52 54 57 64 65 66 73 77 80 81 88 91 98 108 116 124 136 145 159 177 195 220 244 267 299 333 381 446 511 602 709 863 1057 1337 1738 2412 3459 5397 9602 21600 86315 
144 34 35 37 38 40 40 41 42 45 50 53 56 59 62 68 73 77 81 83 91 94 107 112 117 123 134 146 161 172 197 214 242 265 296 349 388 432 501 586 713 867 1076 1355 1760 2397 3505 5400 9590 21547 86158 
145 32 35 38 38 40 43 43 46 46 48 53 56 57 61 68 72 78 82 86 90 95 104 108 118 124 140 152 158 169 190 213 242 279 307 343 391 437 500 585 710 876 1065 1327 1749 2422 3447 5374 9635 21640 86328 
146 33 33 34 37 40 42 46 47 49 53 55 58 61 63 65 70 77 78 79 85 95 101 104 114 131 137 147 166 181 201 211 240 269 293 332 383 441 517 608 727 853 1048 1328 1810 2395 3437 5429 9578 21564 86392 
147 33 35 36 36 37 41 45 46 47 53 54 58 62 66 69 72 75 79 84 87 97 104 110 124 130 141 151 162 176 196 213 238 265 303 342 390 446 504 585 717 871 1071 1361 1754 2372 3458 5374 9595 21583 86532 
148 39 39 39 42 42 42 44 45 46 48 50 52 55 60 64 67 72 82 89 97 101 109 114 121 129 137 148 157 172 191 216 244 269 306 347 388 428 499 586 719 888 1061 1339 1730 2425 3453 5370 9598 21631 86459 
149 32 32 33 35 38 40 46 49 51 53 55 57 60 63 66 70 75 80 83 89 93 99 108 114 127 141 152 166 185 201 221 236 267 284 325 387 444 512 593 718 864 1061 1361 1776 2387 3463 5414 9537 21526 86326 
150 35 36 42 44 45 46 47 47 49 49 53 55 57 62 68 71 75 81 86 91 95 100 108 120 130 140 153 167 180 194 214 239 268 300 338 391 456 509 587 695 857 1074 1367 1765 2379 3494 5355 9625 21548 86355 
151 35 36 38 40 41 42 45 45 47 48 49 55 60 63 65 69 73 77 84 87 95 107 117 122 131 141 154 160 174 194 219 242 266 310 349 394 440 510 582 701 881 1085 1350 1756 2384 3485 5365 9622 21594 86359 
152 35 35 35 37 38 39 43 44 47 49 52 58 60 65 68 72 80 83 88 89 93 100 108 117 127 140 152 162 177 201 221 252 272 294 325 374 424 520 603 723 858 1056 1344 1751 2421 3456 5403 9620 21683 86412 
153 33 35 38 39 39 39 41 44 47 53 53 57 61 63 65 71 73 78 81 88 93 103 112 121 127 138 148 168 178 192 217 238 267 291 332 377 436 520 610 714 851 1053 1345 1771 2395 3432 5402 9605 21589 86185 
154 39 39 38 39 40 42 43 48 49 52 53 55 57 59 66 66 73 81 84 93 96 102 111 119 128 141 153 164 177 193 210 240 273 303 345 382 441 508 588 713 877 1073 1325 1728 2425 3484 5322 9664 21655 86366 
155 35 37 40 41 41 42 44 45 47 50 52 52 57 65 68 69 78 81 86 89 99 108 113 116 124 137 145 161 178 193 217 245 273 302 342 386 441 503 598 703 855 1053 1373 1770 2380 3459 5416 9564 21503 86127 
156 36 37 38 39 40 41 41 43 46 46 52 53 56 59 63 68 72 79 87 93 105 110 117 124 126 134 149 161 176 193 213 235 272 307 340 378 427 506 584 721 883 1070 1326 1738 2433 3448 5303 9668 21748 86530 
157 35 35 36 36 40 41 43 45 49 49 54 57 57 59 62 68 75 81 89 92 99 102 110 117 123 138 152 167 182 199 221 238 259 295 334 370 431 508 606 725 872 1058 1325 1786 2418 3440 5420 9594 21673 86669 
158 32 32 33 38 39 41 42 46 48 49 54 58 62 64 68 72 76 81 84 89 97 102 107 117 128 138 146 159 181 196 217 243 273 293 331 384 445 509 597 717 864 1062 1334 1764 2407 3442 5442 9592 21689 86228 
159 33 34 35 37 40 41 44 46 48 54 56 61 63 65 68 70 79 81 85 87 91 97 111 120 126 139 153 167 184 195 215 239 262 297 323 372 447 526 609 713 855 1062 1355 1776 2385 3419 5398 9512 21547 86191 
160 35 35 36 37 40 44 47 47 51 51 54 54 55 62 68 71 74 77 87 93 99 105 109 117 123 135 145 158 173 197 216 238 276 314 343 377 435 499 578 710 875 1071 1345 1767 2408 3455 5367 9618 21556 86409 
161 34 36 36 37 39 41 43 47 50 54 56 58 61 64 67 72 75 78 82 87 96 102 109 112 121 128 145 162 178 199 218 247 271 292 331 366 434 514 609 715 868 1060 1322 1771 2402 3438 5379 9587 21629 86302 
162 35 36 36 37 39 40 45 48 48 51 53 59 61 64 68 73 79 79 85 89 97 101 107 117 127 135 148 165 184 199 222 240 270 303 343 383 435 508 599 712 875 1061 1359 1779 2405 3457 5418 9575 21502 86250 
163 33 35 39 42 43 44 44 45 49 51 52 54 58 63 66 68 71 77 85 88 92 102 113 124 129 139 153 165 178 205 222 241 266 295 330 375 438 513 606 726 857 1062 1348 1770 2417 3437 5441 9526 21687 86411 
164 36 37 37 37 42 42 44 46 49 50 52 54 59 63 65 68 71 79 81 90 94 102 115 121 128 135 145 167 187 201 214 246 269 298 335 384 444 514 603 722 860 1052 1348 1761 2392 3426 5390 9589 21574 86308 
165 35 35 37 38 42 45 50 51 51 53 56 58 62 66 68 68 71 74 79 85 90 101 114 124 137 142 153 162 182 197 215 235 264 288 337 388 451 520 597 705 851 1056 1360 1749 2393 3450 5380 9646 21563 86207 
166 33 34 37 37 39 42 46 47 50 55 56 58 65 66 69 73 78 81 85 91 93 103 107 113 126 135 146 166 176 194 220 242 266 291 335 390 449 513 601 712 857 1061 1363 1744 2392 3501 5364 9619 21553 86313 
167 37 37 39 39 40 41 42 43 43 47 51 56 59 61 65 68 74 79 84 94 101 105 113 119 125 133 141 157 172 191 209 240 264 292 343 388 438 500 594 716 870 1073 1344 1745 2390 3487 5377 9619 21485 86363 
168 35 37 37 39 42 43 46 47 50 51 54 58 60 62 65 68 75 81 84 90 95 104 113 123 131 139 145 163 182 200 218 241 257 297 340 384 442 512 598 710 872 1070 1351 1764 2409 3447 5403 9540 21545 86386 
169 35 35 36 40 40 43 44 48 52 54 56 57 58 60 63 66 73 82 86 91 94 98 105 118 128 142 156 167 179 196 211 232 256 295 350 391 451 518 602 703 852 1068 1354 1774 2363 3452 5410 9629 21475 86200 
170 35 35 36 38 40 39 39 41 43 48 51 51 56 61 68 73 80 84 87 92 93 105 111 119 129 134 137 151 179 205 223 246 273 309 346 386 430 499 604 718 869 1073 1334 1746 2406 3461 5338 9616 21557 86442 
171 39 40 42 42 44 47 47 48 52 54 56 60 61 61 67 69 69 72 79 85 93 108 114 120 128 142 154 167 173 194 211 234 259 293 337 386 448 515 601 712 854 1070 1346 1748 2394 3461 5393 9610 21553 86309 
172 34 35 36 37 40 41 46 48 50 52 54 56 62 64 66 70 73 74 79 85 92 101 112 125 133 146 158 169 182 192 211 233 254 293 342 403 454 525 602 697 853 1076 1370 1781 2368 3477 5419 9609 21565 86341 
173 34 36 37 41 42 43 46 48 49 50 54 56 59 62 66 69 75 75 79 85 93 100 113 121 130 139 151 166 181 195 216 234 262 298 340 389 444 514 598 715 849 1055 1363 1773 2379 3463 5397 9612 21604 86287 
174 32 37 39 39 42 43 44 48 51 53 54 57 60 63 66 71 76 78 80 86 93 98 111 118 130 139 148 164 172 200 222 240 262 293 332 387 440 505 607 712 876 1066 1336 1737 2423 3425 5383 9602 21611 86389 
175 34 37 38 38 40 41 42 43 47 48 51 55 61 65 66 70 77 81 89 92 97 104 109 116 123 130 139 155 178 205 227 251 275 304 333 374 436 502 603 714 882 1055 1330 1757 2412 3439 5375 9603 21648 86380 
176 36 38 38 40 40 41 42 44 44 50 52 57 58 65 68 70 74 80 85 88 96 102 111 127 133 135 148 160 176 187 212 242 270 297 339 384 443 517 592 714 850 1069 1363 1763 2389 3470 5352 9632 21489 86225 
177 34 35 39 41 42 43 44 48 50 52 55 57 58 60 63 66 73 79 84 87 94 104 115 123 131 141 152 167 184 195 214 234 268 301 333 385 436 512 604 710 866 1070 1338 1756 2404 3448 5373 9570 21566 86211 
178 34 35 37 39 40 42 43 44 46 47 49 51 52 59 65 68 75 80 91 95 101 106 112 117 123 129 142 159 171 193 218 248 282 307 337 382 438 496 587 711 878 1066 1315 1739 2434 3422 5329 9629 21623 86350 
179 32 33 34 35 38 39 45 47 52 54 54 58 61 61 65 69 76 82 87 90 95 103 107 119 127 137 146 159 177 191 220 242 265 296 339 379 439 506 602 722 875 1066 1337 1762 2421 3446 5372 9622 21572 86430 
