surface/epsilon 0.5 0.49 0.48 0.47 0.46 0.45 0.44 0.43 0.42 0.41 0.4 0.39 0.38 0.37 0.36 0.35 0.34 0.33 0.32 0.31 0.3 0.29 0.28 0.27 0.26 0.25 0.24 0.23 0.22 0.21 0.2 0.19 0.18 0.17 0.16 0.15 0.14 0.13 0.12 0.11 0.1 0.09 0.08 0.07 0.06 0.05 0.04 0.03 0.02 0.01 
0 0.135369 0.142445 0.154027 0.158027 0.16795 0.167214 0.176575 0.208644 0.210096 0.216883 0.216534 0.225008 0.263822 0.276036 0.279393 0.290212 0.29566 0.365035 0.379146 0.36938 0.380704 0.416123 0.423561 0.447679 0.498452 0.540038 0.567632 0.596457 0.637099 0.691216 0.756046 0.833085 0.892675 1.00487 1.11071 1.23101 1.3735 1.53002 1.74554 2.06493 2.42283 2.88549 3.49817 4.23341 5.52991 7.62228 11.0663 18.3856 37.836 134.517 
1 0.160579 0.168307 0.176121 0.188214 0.191094 0.194504 0.201458 0.205661 0.222874 0.244859 0.26063 0.260509 0.275564 0.280074 0.28791 0.30151 0.302888 0.321726 0.344754 0.384842 0.399114 0.408917 0.457014 0.504064 0.512031 0.55765 0.593014 0.604384 0.661798 0.727712 0.77969 0.870272 0.943561 1.0228 1.16634 1.29745 1.46422 1.64629 1.84484 2.17684 2.5616 2.95698 3.66089 4.5047 5.85227 7.97076 11.7323 19.1497 38.9272 138.938 
2 0.308484 0.323429 0.323534 0.332251 0.33098 0.349472 0.356167 0.394974 0.425798 0.448169 0.453469 0.496592 0.507826 0.540132 0.566321 0.589463 0.601987 0.633141 0.649451 0.660576 0.714929 0.766744 0.839177 0.913618 0.954868 1.07939 1.10635 1.13367 1.21199 1.25664 1.40826 1.50268 1.57591 1.72106 1.92686 2.11302 2.37886 2.68631 3.00971 3.47409 4.0464 4.69739 5.53763 6.78551 8.63017 11.6537 16.216 25.7722 50.8559 165.984 
3 0.413994 0.413996 0.421265 0.438054 0.435434 0.45756 0.519195 0.521932 0.527314 0.555274 0.617732 0.643121 0.649918 0.665828 0.722365 0.766456 0.796722 0.813344 0.861684 0.881306 0.952608 1.03911 1.10938 1.16701 1.2772 1.32794 1.44209 1.49889 1.54732 1.66782 1.86133 1.97312 2.25007 2.39556 2.58045 2.89475 3.1498 3.63716 3.99545 4.58845 5.27491 5.92674 6.95092 8.83658 11.4374 15.815 22.0835 34.7491 68.0818 209.083 
4 0.21407 0.22653 0.224165 0.224126 0.227412 0.236473 0.239073 0.247382 0.261598 0.282735 0.285658 0.307115 0.323044 0.32865 0.338452 0.347018 0.368317 0.38124 0.407966 0.426548 0.479755 0.49574 0.510593 0.54788 0.600738 0.659738 0.703526 0.735652 0.774547 0.817568 0.891344 0.935448 1.03292 1.15895 1.27443 1.39174 1.61426 1.85156 2.08614 2.28495 2.7919 3.34022 3.93813 4.84862 6.30899 8.59017 12.3924 20.237 41.3272 141.917 
5 0.269905 0.287079 0.303143 0.3076 0.314947 0.343498 0.35523 0.371025 0.368005 0.385983 0.393378 0.417789 0.452541 0.445073 0.442816 0.452521 0.457799 0.483969 0.506463 0.557295 0.611257 0.689812 0.706885 0.740755 0.791831 0.810754 0.881222 0.934971 0.971167 1.02709 1.11745 1.16356 1.29245 1.4223 1.50395 1.65622 1.93305 2.10648 2.35615 2.81023 3.3089 3.76963 4.67927 5.93385 7.66674 10.2523 14.9841 24.3525 47.4791 159.772 
6 0.445198 0.485252 0.496056 0.496055 0.515001 0.516235 0.516221 0.562086 0.590989 0.581306 0.610853 0.610089 0.651514 0.699914 0.728561 0.743219 0.829115 0.827282 0.870619 0.931287 0.988165 1.01701 1.05121 1.11582 1.2365 1.28285 1.31998 1.48798 1.60881 1.70607 1.79838 1.87241 2.00849 2.21417 2.42733 2.6102 2.92835 3.39603 3.80687 4.39176 4.93861 5.79845 6.96763 8.57925 11.0991 14.7519 20.4796 31.2958 63.2159 192.285 
7 0.441344 0.444088 0.445837 0.449885 0.457153 0.471895 0.471989 0.471835 0.479685 0.538148 0.567611 0.575392 0.635891 0.651866 0.661331 0.714524 0.742987 0.781738 0.812025 0.857156 0.889873 0.910374 0.973392 0.991688 1.04031 1.06191 1.14075 1.2159 1.30866 1.40039 1.52375 1.56277 1.7618 1.96468 2.10667 2.26586 2.45142 2.71794 3.04709 3.41292 3.9066 4.44167 5.46821 6.61424 8.12482 10.734 15.4014 24.8362 48.4463 161.258 
8 0.139055 0.145281 0.151534 0.16115 0.175813 0.181046 0.181118 0.182975 0.194416 0.201935 0.212798 0.212792 0.22905 0.234237 0.258025 0.277492 0.285361 0.325238 0.336981 0.336278 0.361303 0.388072 0.416238 0.425005 0.439397 0.470009 0.492612 0.537435 0.572352 0.637595 0.702391 0.780481 0.835956 0.93427 1.07008 1.16889 1.30619 1.42623 1.67814 1.88728 2.19135 2.67791 3.24118 4.09314 5.28013 7.31386 10.6847 17.7626 37.1298 132.937 
9 0.196726 0.198436 0.232562 0.241018 0.240852 0.246324 0.245138 0.256405 0.276441 0.291052 0.290998 0.292289 0.309697 0.319353 0.330605 0.340992 0.351063 0.363716 0.376923 0.398866 0.432205 0.463962 0.470509 0.496202 0.517836 0.553844 0.622147 0.678622 0.745133 0.763423 0.805986 0.895072 1.00353 1.11005 1.2266 1.36513 1.50288 1.66412 1.91925 2.23908 2.66009 3.11229 3.77068 4.67145 5.91712 8.01475 11.6871 18.5892 38.1152 134.203 
10 0.194937 0.209297 0.204119 0.207563 0.21234 0.225329 0.228596 0.229675 0.236096 0.242881 0.244421 0.268413 0.271714 0.271757 0.276875 0.307045 0.32357 0.340272 0.36376 0.363987 0.405024 0.410837 0.425658 0.447911 0.482069 0.538312 0.58268 0.604412 0.642895 0.694215 0.766268 0.842505 0.909572 1.0293 1.02912 1.14665 1.27166 1.40473 1.59463 1.84481 2.12787 2.55532 3.06861 3.77333 5.03919 6.78266 10.1473 16.812 35.4901 128.701 
11 0.142602 0.145549 0.148561 0.152687 0.154557 0.157869 0.171624 0.187329 0.190522 0.200289 0.208378 0.224708 0.224599 0.237841 0.251265 0.271919 0.277354 0.285387 0.301243 0.311844 0.34255 0.347812 0.370794 0.390831 0.392478 0.41605 0.467305 0.49422 0.548226 0.599319 0.621129 0.672656 0.745543 0.824357 0.897027 0.992091 1.12327 1.2929 1.48723 1.69949 2.0199 2.32116 2.8358 3.59702 4.63272 6.38605 9.63801 16.0058 33.9385 124.812 
12 0.416718 0.419545 0.419627 0.442061 0.469268 0.47747 0.496096 0.549562 0.607909 0.607503 0.611112 0.596685 0.669732 0.701017 0.721419 0.749718 0.821808 0.845391 0.888092 0.931878 0.99508 1.07339 1.07433 1.11753 1.14114 1.22068 1.30167 1.44934 1.51179 1.61638 1.73793 1.85811 2.06395 2.16088 2.37781 2.6016 2.79941 3.10536 3.58068 4.06618 4.66468 5.50508 6.45561 7.69814 9.5534 12.551 17.719 28.0762 54.8732 178.15 
13 0.161141 0.160573 0.168549 0.176532 0.176606 0.178459 0.185031 0.189974 0.225978 0.225476 0.230367 0.231585 0.240805 0.242215 0.255805 0.277105 0.286945 0.307608 0.319663 0.338001 0.345562 0.356266 0.381492 0.422776 0.446137 0.453312 0.485812 0.520762 0.554804 0.584344 0.618033 0.670009 0.767746 0.815986 0.974783 1.06806 1.19788 1.39097 1.55794 1.78318 2.07451 2.46854 3.03271 3.92157 4.94494 6.7216 9.96364 16.9081 35.3358 127.792 
14 0.312116 0.318672 0.347115 0.350368 0.346112 0.345922 0.338517 0.346876 0.351809 0.374429 0.397501 0.41811 0.429255 0.433921 0.475118 0.512573 0.545923 0.555 0.544673 0.548075 0.658379 0.648743 0.664794 0.742026 0.783193 0.815337 0.875085 0.954213 0.984501 1.04143 1.12102 1.27288 1.35813 1.53383 1.65884 1.8049 2.03299 2.27186 2.55986 3.00512 3.42346 3.99006 4.92988 5.93701 7.45962 10.223 14.9068 23.6428 46.5753 156.967 
15 0.217869 0.222856 0.227984 0.248204 0.260226 0.257679 0.258233 0.262773 0.289045 0.290031 0.303772 0.320382 0.335815 0.343899 0.386048 0.393672 0.414508 0.446328 0.462757 0.480174 0.488204 0.519261 0.563439 0.599518 0.622944 0.657988 0.63417 0.694955 0.760413 0.830625 0.854489 0.920449 1.06488 1.12546 1.21689 1.46513 1.56048 1.75737 1.9693 2.28178 2.66195 3.12674 3.8194 4.78028 6.14384 8.43749 12.2603 20.0154 40.4797 140.63 
16 0.217619 0.179328 0.185145 0.189106 0.19494 0.212875 0.221453 0.222109 0.228886 0.242329 0.240979 0.257606 0.259314 0.267449 0.277396 0.28602 0.30532 0.305433 0.340934 0.358409 0.359956 0.40416 0.432686 0.448631 0.49114 0.516565 0.546956 0.603829 0.644121 0.697851 0.748544 0.788446 0.890273 0.973097 1.08645 1.25536 1.38826 1.58904 1.81141 2.01542 2.32857 2.75129 3.3641 4.19339 5.52103 7.4256 11.0135 18.1233 37.4747 133.972 
17 0.340765 0.340592 0.346703 0.360582 0.359716 0.406582 0.400769 0.426728 0.445589 0.464469 0.492908 0.506127 0.478429 0.533109 0.590954 0.622378 0.63225 0.662319 0.660794 0.661825 0.70961 0.828145 0.857469 0.908912 0.919381 0.989094 1.04118 1.10723 1.18809 1.28944 1.38787 1.51383 1.69732 1.78875 1.91215 2.14947 2.40929 2.59465 2.89705 3.2639 3.75108 4.40534 5.29552 6.43161 8.41431 11.2809 15.8786 26.0395 49.9888 165.924 
18 0.340609 0.340263 0.339814 0.339741 0.358395 0.37274 0.3702 0.392365 0.382103 0.416225 0.441342 0.446456 0.454538 0.488696 0.506548 0.537519 0.575713 0.623628 0.621118 0.652581 0.684044 0.705677 0.742853 0.774857 0.861491 0.929641 0.988413 1.04665 1.08304 1.11654 1.28687 1.3452 1.51309 1.61274 1.76079 1.93947 2.14103 2.35639 2.63922 3.11805 3.62076 4.15612 4.93307 6.08143 7.76935 10.6105 14.8126 23.7573 45.9371 153.965 
19 0.14352 0.159256 0.154928 0.157761 0.160332 0.163989 0.174703 0.175275 0.198727 0.207524 0.229516 0.235425 0.25634 0.238619 0.23997 0.25974 0.268066 0.288143 0.321031 0.321558 0.337534 0.354525 0.382901 0.388048 0.412207 0.436846 0.483892 0.495792 0.562893 0.609495 0.667648 0.747811 0.806239 0.887618 0.951878 1.03725 1.18832 1.36573 1.57839 1.90761 2.23277 2.66606 3.24006 4.10425 5.34042 7.39439 10.9598 18.1041 37.7687 135.297 
20 0.349325 0.350162 0.351352 0.351323 0.377894 0.400348 0.412371 0.42875 0.427916 0.429351 0.456881 0.477334 0.505521 0.53715 0.554595 0.5941 0.622547 0.650331 0.678427 0.735091 0.779706 0.814337 0.845266 0.926858 0.957366 0.987454 1.00895 1.1524 1.237 1.29803 1.38383 1.57765 1.73522 1.8831 2.09286 2.21127 2.37149 2.68819 3.05379 3.46586 4.09675 4.79994 5.73983 7.26856 8.90063 11.9914 16.8048 26.473 51.7411 172.48 
21 0.237118 0.26198 0.261145 0.279868 0.302756 0.331976 0.357699 0.344956 0.367544 0.399373 0.409796 0.412026 0.414179 0.424716 0.442571 0.459044 0.478899 0.504315 0.509294 0.534435 0.58386 0.623308 0.666377 0.718426 0.746983 0.824161 0.889534 0.939088 1.03024 1.09277 1.19974 1.24618 1.30265 1.41098 1.57135 1.72958 1.90338 2.14555 2.42537 2.72833 3.25811 4.06806 4.92761 6.06168 7.90913 10.4033 15.2453 24.794 49.5148 163.24 
22 0.141982 0.145496 0.145484 0.154967 0.158222 0.167632 0.17649 0.189791 0.192427 0.194484 0.205585 0.215085 0.219639 0.229783 0.253386 0.257326 0.279847 0.31702 0.322739 0.336009 0.349329 0.356308 0.356284 0.384921 0.416337 0.424577 0.45137 0.498255 0.540652 0.591958 0.661235 0.730007 0.785796 0.87607 0.952002 1.08158 1.19213 1.34587 1.52017 1.8064 2.10705 2.51327 3.06311 3.88313 5.07244 6.94023 10.2222 17.1807 35.9091 130.15 
23 0.217771 0.217761 0.236106 0.248525 0.255347 0.258261 0.274332 0.297531 0.292056 0.321487 0.332232 0.344435 0.371177 0.376299 0.388656 0.392185 0.412179 0.451014 0.45222 0.503442 0.509499 0.524821 0.550296 0.600534 0.656771 0.713282 0.753169 0.824258 0.840469 0.889566 0.962651 1.03854 1.10075 1.23041 1.36459 1.56496 1.72876 1.93238 2.1432 2.43969 2.85775 3.36737 4.05025 5.02806 6.472 8.73776 12.5472 20.802 41.9751 145.765 
24 0.285661 0.302715 0.302659 0.324012 0.330175 0.363259 0.374572 0.391891 0.408659 0.422703 0.438559 0.450161 0.492108 0.497699 0.508748 0.526825 0.577278 0.586886 0.633307 0.669268 0.693838 0.749483 0.880846 0.922411 1.01456 1.05929 1.10424 1.21164 1.27768 1.37326 1.46148 1.6002 1.76837 1.96399 2.14489 2.30328 2.56362 2.8667 3.18507 3.58973 4.21912 4.8462 5.77918 7.05003 8.85694 11.8566 16.6514 26.2357 51.0864 163.756 
25 0.215156 0.183153 0.202949 0.205794 0.210099 0.222491 0.227277 0.239326 0.241106 0.248205 0.257659 0.258985 0.263259 0.282961 0.300172 0.310118 0.323589 0.332664 0.353137 0.377353 0.397619 0.422837 0.450992 0.504304 0.526306 0.566465 0.617771 0.654281 0.70351 0.750728 0.817225 0.885727 0.998846 1.17501 1.29393 1.39158 1.53233 1.72922 1.96193 2.25898 2.81575 3.15964 3.77477 4.45709 5.88008 8.22461 11.9614 19.3853 39.9596 139.541 
26 0.155298 0.155046 0.155647 0.178041 0.184456 0.188228 0.191666 0.222207 0.223698 0.222867 0.240293 0.244442 0.256273 0.280797 0.296829 0.322319 0.321361 0.326906 0.364016 0.370026 0.380824 0.402413 0.40696 0.423589 0.459567 0.495496 0.53443 0.621 0.66411 0.722314 0.773473 0.878564 0.966343 1.03345 1.05898 1.22398 1.36556 1.6032 1.84715 2.13049 2.42938 2.84294 3.46237 4.39817 5.75723 7.76405 11.5323 19.069 39.0935 136.557 
27 0.157928 0.163068 0.178518 0.193854 0.195068 0.213384 0.224044 0.225921 0.229856 0.236552 0.249525 0.260714 0.269898 0.283026 0.2927 0.312506 0.320661 0.329872 0.312672 0.330667 0.370996 0.381993 0.401444 0.423759 0.441086 0.466099 0.540681 0.556572 0.586291 0.63257 0.7038 0.762582 0.821721 0.909138 0.977575 1.10305 1.27235 1.41435 1.62528 1.90532 2.21946 2.63219 3.18793 4.05004 5.27562 7.33024 10.6578 17.7245 36.4198 131.325 
28 0.49025 0.538173 0.550072 0.5399 0.579669 0.591477 0.591485 0.608772 0.619902 0.687203 0.699839 0.759713 0.755797 0.814413 0.857683 0.902355 0.946636 0.961512 1.04875 1.1637 1.18228 1.23125 1.32292 1.2947 1.37892 1.4295 1.45662 1.50858 1.70758 1.765 1.87476 2.03874 2.20422 2.42085 2.72632 3.12992 3.51393 3.77208 4.26384 4.92684 5.43266 6.57424 7.79911 9.50081 12.0412 15.6864 21.9893 33.9675 64.9387 202.678 
29 0.385843 0.396333 0.403127 0.430054 0.473434 0.506291 0.507516 0.55201 0.597294 0.641002 0.607629 0.64249 0.64693 0.645085 0.714046 0.6738 0.669511 0.679441 0.710007 0.727649 0.767214 0.811807 0.901295 0.93243 1.0014 1.03003 1.13568 1.23998 1.29237 1.36949 1.4243 1.55042 1.6964 1.85864 2.06656 2.26959 2.43257 2.74166 3.08075 3.55243 4.10372 5.03351 5.90348 7.09227 8.83859 11.8031 17.0083 27.4806 53.5578 170.039 
30 0.333669 0.347673 0.347453 0.347417 0.360913 0.36088 0.365862 0.39908 0.408017 0.45994 0.484646 0.491435 0.508168 0.541264 0.550551 0.568948 0.603916 0.660461 0.722315 0.727668 0.7596 0.757008 0.779177 0.847042 0.884097 0.936789 1.04331 1.09311 1.18012 1.22363 1.39056 1.47508 1.54966 1.61503 1.73655 1.88487 2.13477 2.4096 2.96043 3.16176 3.57011 4.01772 4.87059 6.10596 7.44864 9.84253 14.2565 22.3237 44.8833 147.137 
31 0.295696 0.325532 0.325172 0.342136 0.348069 0.387019 0.413458 0.433103 0.429721 0.436828 0.458586 0.465617 0.483486 0.495751 0.524701 0.538228 0.553267 0.61387 0.594479 0.629396 0.662631 0.717632 0.736644 0.797713 0.853648 0.89947 0.955746 1.01617 1.11044 1.18208 1.34885 1.38899 1.44493 1.53742 1.67453 1.92761 2.09666 2.34383 2.75237 3.11973 3.62228 4.21109 5.01862 6.11287 7.88719 10.4026 14.8333 24.3848 48.0413 159.939 
32 0.371532 0.37309 0.37526 0.375314 0.42602 0.470255 0.495532 0.51748 0.567895 0.575086 0.598993 0.594145 0.60767 0.635067 0.661028 0.678576 0.773509 0.796483 0.817069 0.89097 0.921746 0.953533 0.978756 1.19619 1.29836 1.41007 1.48133 1.59691 1.62839 1.7082 1.86736 1.96226 2.11142 2.41303 2.5908 2.80063 3.20829 4.0368 4.59678 5.34099 6.26766 7.30373 8.8068 10.2277 11.9004 15.5137 22.045 34.3659 66.0179 207.965 
33 0.247121 0.242139 0.247297 0.255947 0.261099 0.311329 0.313975 0.326581 0.341442 0.360064 0.350402 0.361536 0.377399 0.384671 0.391072 0.404723 0.420735 0.44419 0.468368 0.486802 0.511781 0.547752 0.604194 0.649807 0.676121 0.720449 0.773903 0.848867 0.90017 0.992968 1.02788 1.10487 1.11606 1.24197 1.35455 1.55581 1.75016 2.02742 2.28864 2.58458 2.95406 3.44013 4.38494 5.35197 6.84161 8.97165 13.7032 21.828 43.4333 147.981 
34 0.141816 0.15787 0.160204 0.161044 0.177506 0.184015 0.195387 0.224662 0.231653 0.227688 0.241307 0.241325 0.251748 0.273272 0.278691 0.276224 0.282986 0.303573 0.317501 0.3352 0.374639 0.393002 0.428636 0.469272 0.510045 0.550922 0.589992 0.624055 0.645865 0.674168 0.764119 0.795336 0.909307 1.02083 1.09409 1.24094 1.41317 1.58119 1.77658 2.0191 2.36604 2.82617 3.50968 4.46941 5.59805 7.85296 11.5067 19.3764 38.9435 137.469 
35 0.219726 0.227345 0.245295 0.245382 0.266816 0.266762 0.275109 0.288216 0.295412 0.302613 0.305704 0.314558 0.324624 0.326253 0.339933 0.347294 0.362693 0.39053 0.398819 0.442968 0.473475 0.494274 0.506719 0.535364 0.565132 0.61458 0.635165 0.679484 0.717268 0.769674 0.827558 0.989304 1.06134 1.06176 1.1282 1.25867 1.40616 1.58797 1.79461 2.02745 2.3776 2.80432 3.43002 4.22313 5.46032 7.56201 11.2177 18.2524 37.9701 134.738 
36 0.24083 0.27225 0.280397 0.280797 0.289561 0.293348 0.310891 0.318562 0.35425 0.3483 0.358357 0.448136 0.45531 0.461056 0.476395 0.509849 0.552996 0.550301 0.559962 0.572363 0.623438 0.6333 0.664854 0.68816 0.741865 0.793621 0.823914 0.872215 0.9611 1.07172 1.16144 1.28397 1.3885 1.48749 1.61404 1.71939 1.93225 2.17383 2.58147 3.12017 3.52849 4.26743 4.79819 6.08843 8.13624 10.6487 15.4158 25.4303 49.932 166.769 
37 0.195057 0.194864 0.196928 0.222913 0.229828 0.23464 0.239567 0.270321 0.279342 0.315255 0.312678 0.323465 0.33966 0.350968 0.35798 0.38469 0.385525 0.398281 0.424378 0.444084 0.477391 0.519262 0.545757 0.592272 0.62002 0.717609 0.766481 0.74685 0.830623 0.892385 0.947007 1.03123 1.11201 1.24247 1.37206 1.57401 1.82511 2.0324 2.29721 2.50469 2.87846 3.56602 4.47306 5.53131 6.9061 9.22097 13.8188 22.5388 45.2935 152.45 
38 0.233173 0.26525 0.275215 0.277727 0.289339 0.297173 0.298237 0.313766 0.326381 0.327028 0.33723 0.35276 0.369948 0.374915 0.406827 0.442341 0.45503 0.467195 0.471945 0.521123 0.537919 0.554473 0.592371 0.656724 0.683263 0.724997 0.767974 0.851603 0.949528 1.05306 1.11471 1.20606 1.28531 1.40044 1.52846 1.7099 1.82687 2.24683 2.31687 2.9301 3.17744 3.63578 4.43072 5.38537 6.75667 9.02513 13.5567 21.8727 43.0153 146.796 
39 0.254096 0.247114 0.263386 0.273584 0.294045 0.30497 0.297529 0.339506 0.386314 0.389059 0.411964 0.425631 0.436464 0.46005 0.463799 0.486189 0.574445 0.571694 0.595968 0.625233 0.645577 0.664617 0.707951 0.760208 0.767082 0.837718 0.87786 0.935923 0.99931 1.0819 1.15277 1.23183 1.50377 1.46118 1.52919 1.71838 1.89986 2.13096 2.39527 2.82308 3.28609 3.87688 4.82817 6.08846 7.59956 10.1968 13.9691 22.7574 45.0264 147.162 
40 0.593952 0.648215 0.639464 0.631477 0.645681 0.663277 0.66993 0.668114 0.690478 0.71199 0.761823 0.784295 0.797131 0.81409 0.821412 0.904498 1.18117 1.20317 1.24871 1.36379 1.38471 1.44098 1.51855 1.55416 1.61855 1.65086 1.75135 1.88652 2.11441 2.2595 2.46046 2.54602 2.7831 3.08465 3.27515 3.5729 3.90667 4.55968 5.14331 5.91685 6.65176 7.72739 9.20825 11.2346 13.8769 18.7189 25.6114 39.7863 74.0193 225.499 
41 0.239925 0.247059 0.257729 0.264143 0.272139 0.283547 0.292729 0.308967 0.314364 0.3281 0.345576 0.337637 0.361928 0.362726 0.393846 0.430674 0.445193 0.4639 0.486089 0.504774 0.523167 0.540023 0.554946 0.57451 0.634103 0.66268 0.694108 0.756491 0.830307 0.880873 0.980422 1.1149 1.24816 1.32573 1.44695 1.60865 1.75455 1.99911 2.32884 2.82826 3.24823 3.86019 4.4647 5.6234 7.40251 9.89498 14.4716 23.1981 47.1517 155.698 
42 0.175163 0.191424 0.210836 0.213 0.230054 0.231056 0.246722 0.246671 0.248725 0.25585 0.25822 0.270831 0.274755 0.289145 0.290661 0.303115 0.344433 0.362964 0.38773 0.39201 0.405508 0.443177 0.45654 0.487613 0.544465 0.5693 0.581791 0.629219 0.701839 0.744599 0.786432 0.861484 0.914845 1.06304 1.18579 1.3034 1.43615 1.61281 1.78112 1.99496 2.3529 2.84765 3.53965 4.3152 5.58183 7.77274 11.4568 18.9264 39.1492 138.098 
43 0.256238 0.262886 0.278464 0.294986 0.303718 0.324551 0.340818 0.345369 0.340205 0.346784 0.41042 0.413329 0.429778 0.440575 0.463453 0.478273 0.491127 0.517643 0.551502 0.613839 0.638346 0.691798 0.707384 0.750939 0.786029 0.817826 0.892021 0.968032 1.04719 1.0868 1.16193 1.24942 1.41215 1.48378 1.63279 1.77812 2.01771 2.20646 2.48303 2.91739 3.48222 4.09173 4.90045 5.92512 7.55904 10.0978 14.8057 24.1727 48.1967 161.236 
44 0.336896 0.338797 0.36019 0.36307 0.372815 0.377431 0.385511 0.384494 0.396048 0.411444 0.442884 0.461685 0.460185 0.486215 0.513309 0.51697 0.536251 0.582311 0.59922 0.604607 0.642948 0.69085 0.738689 0.787283 0.813131 0.881335 0.967546 1.03715 1.08961 1.1675 1.24154 1.31365 1.41525 1.54731 1.65626 1.82057 1.9879 2.36214 2.63125 3.00221 3.48074 4.24523 5.27506 6.414 8.27175 10.946 15.63 25.1365 48.7093 160.386 
45 0.320094 0.267843 0.317426 0.31867 0.320597 0.327381 0.331302 0.34315 0.343171 0.351252 0.389029 0.404008 0.402309 0.400428 0.417919 0.458226 0.481548 0.504228 0.5278 0.575965 0.601021 0.642948 0.658417 0.724215 0.765985 0.797777 0.833083 0.900108 0.922665 1.03915 1.09393 1.18251 1.29473 1.40126 1.51883 1.62208 1.80399 2.02835 2.25258 2.5717 2.90107 3.48349 4.17516 5.04454 6.3327 8.61224 12.3899 20.4665 41.0457 143.454 
46 0.20787 0.239998 0.241504 0.261824 0.266452 0.271877 0.300304 0.310175 0.308501 0.304628 0.318337 0.3504 0.352769 0.362366 0.367905 0.378309 0.394788 0.433294 0.444612 0.45919 0.488004 0.54328 0.587622 0.627793 0.661866 0.710376 0.750509 0.786105 0.846812 0.891308 0.910084 0.97973 1.08027 1.19638 1.33713 1.52053 1.68882 1.90861 2.1003 2.36963 2.7085 3.24312 4.06092 5.06505 6.40914 8.70189 12.699 20.5633 41.3744 143.252 
47 0.207104 0.211759 0.225394 0.245876 0.246283 0.248251 0.246587 0.258084 0.259339 0.278581 0.288475 0.290763 0.305735 0.307597 0.332178 0.356112 0.36918 0.398582 0.401904 0.420118 0.440779 0.453038 0.514172 0.545744 0.642735 0.683137 0.712057 0.748586 0.810235 0.865128 0.945434 1.01622 1.08023 1.21349 1.30951 1.43903 1.64247 1.79292 2.03677 2.37378 2.76074 3.25636 4.04592 5.03906 6.48202 8.84218 12.6338 20.915 42.2078 148.091 
48 0.550606 0.594661 0.594836 0.604716 0.620563 0.658574 0.660442 0.672575 0.710301 0.753755 0.830719 0.835889 0.839914 0.842595 0.923383 0.968281 0.997861 1.09471 1.10908 1.13191 1.21235 1.31663 1.4156 1.44236 1.50517 1.5389 1.68441 1.82258 1.89252 2.08445 2.36682 2.48489 2.71661 2.86166 3.25832 3.61436 3.86447 4.63011 5.14944 5.86175 6.68049 7.72051 9.65575 11.9979 14.6103 20.0163 28.8511 43.7191 81.921 247.72 
49 0.173016 0.199255 0.203619 0.210169 0.217817 0.217531 0.224153 0.231671 0.231805 0.251134 0.269396 0.287478 0.295773 0.305312 0.330229 0.367293 0.370804 0.39049 0.406671 0.425059 0.462241 0.483217 0.520272 0.551902 0.611079 0.638632 0.672932 0.730908 0.787887 0.842235 0.895024 1.0031 1.15134 1.26866 1.35831 1.36035 1.45615 1.78493 1.93391 2.18774 2.64044 3.21467 3.84195 4.77795 6.26912 8.47473 12.3137 18.9748 34.7178 118.866 
50 0.199159 0.202836 0.205509 0.225965 0.235476 0.248632 0.271401 0.276198 0.287663 0.293256 0.293175 0.296628 0.330274 0.340128 0.348032 0.368286 0.39266 0.410107 0.418377 0.444072 0.476418 0.524825 0.550977 0.593468 0.632429 0.650062 0.705691 0.748062 0.805187 0.887304 0.934735 0.985971 1.06368 1.14733 1.24393 1.40843 1.57013 1.72538 1.92654 2.30508 2.6874 3.12063 3.78766 4.82746 6.16487 8.34846 12.552 20.0943 40.9237 142.073 
51 0.592268 0.646469 0.669716 0.685018 0.71811 0.741217 0.788166 0.78848 0.878459 0.879448 0.89298 0.942862 0.966322 0.988433 1.02906 1.0635 1.05563 1.16565 1.23275 1.24957 1.26456 1.33869 1.44566 1.70509 1.87476 1.98887 2.05401 2.11972 2.39852 2.5641 2.80967 2.93398 3.0899 3.40957 3.64602 4.07973 4.73932 5.34629 5.90097 6.77124 7.73512 9.26657 11.3392 13.3623 16.8485 21.8492 30.768 48.2319 89.5083 265.421 
52 0.297662 0.289607 0.292745 0.290529 0.296426 0.329084 0.34104 0.337642 0.347125 0.356896 0.387377 0.407951 0.420178 0.455488 0.507134 0.469818 0.525897 0.52138 0.555219 0.60229 0.610098 0.630877 0.659522 0.657186 0.708245 0.772098 0.841184 0.919496 1.0373 1.09197 1.15151 1.26937 1.36964 1.47423 1.58406 1.71571 1.9243 2.10645 2.52574 2.92363 3.47784 4.06326 4.90608 6.01169 7.64322 9.95191 14.0718 23.1342 46.9841 158.065 
53 0.216406 0.216246 0.219171 0.225926 0.228786 0.232196 0.242183 0.269537 0.269818 0.266835 0.284786 0.291659 0.326586 0.334687 0.375431 0.376644 0.376055 0.395239 0.436319 0.478372 0.485015 0.482401 0.503757 0.553814 0.575212 0.63995 0.658872 0.695258 0.739316 0.794779 0.872265 0.925036 1.02772 1.11137 1.22204 1.34955 1.55737 1.7109 1.93173 2.21038 2.60649 3.23042 3.93736 4.78596 6.16641 8.50055 12.2611 20.469 41.4288 145.328 
54 0.44447 0.45418 0.467638 0.492574 0.51808 0.554312 0.553392 0.584671 0.583919 0.630923 0.63083 0.65065 0.659745 0.728876 0.734556 0.761327 0.831332 0.865446 0.905061 0.926522 0.963022 1.04858 1.12196 1.13716 1.18218 1.22005 1.30083 1.37513 1.47091 1.54207 1.66831 1.78379 1.98569 2.12638 2.48021 2.70428 2.93377 3.31527 3.71755 4.1163 4.80391 5.61919 6.83363 8.44598 10.7072 14.5648 20.5515 32.728 63.6201 199.166 
55 0.230987 0.235137 0.241995 0.241468 0.268803 0.271924 0.280175 0.29592 0.30826 0.316548 0.33314 0.34083 0.345531 0.364507 0.379275 0.394698 0.420231 0.417793 0.457968 0.463908 0.491271 0.521223 0.560201 0.624248 0.653991 0.672405 0.747612 0.806585 0.858059 0.895736 1.01464 1.07568 1.21483 1.2888 1.40693 1.53412 1.76857 1.94098 2.18781 2.51378 2.83027 3.36447 4.12785 5.0568 6.62929 8.85561 12.8496 21.0642 43.0093 148.547 
56 0.319773 0.30902 0.309056 0.341475 0.356775 0.4077 0.420192 0.437994 0.460757 0.472445 0.458294 0.464113 0.481014 0.491144 0.535461 0.55772 0.621848 0.620346 0.660915 0.684647 0.738869 0.737155 0.809739 0.86951 0.907362 0.962797 1.05431 1.09959 1.14245 1.20372 1.26512 1.37915 1.57873 1.75278 1.93627 2.09245 2.23239 2.47283 2.72799 3.07261 3.66012 4.55953 5.41684 6.61121 8.55551 11.4062 16.5481 26.4905 51.0299 165.843 
57 0.155997 0.155706 0.163657 0.164124 0.166593 0.165542 0.167016 0.180614 0.188523 0.200962 0.209724 0.211696 0.241232 0.260495 0.272814 0.28139 0.296435 0.321293 0.331317 0.344307 0.36496 0.373585 0.408841 0.424696 0.454427 0.486001 0.517838 0.547066 0.577219 0.647346 0.695639 0.771532 0.846843 0.884271 1.00584 1.10917 1.27101 1.39599 1.60215 1.82538 2.10637 2.58297 3.15338 3.97154 5.10361 7.10945 10.3489 17.4158 35.9855 129.661 
58 0.262238 0.284583 0.319742 0.325757 0.327089 0.335967 0.337343 0.362122 0.381237 0.394444 0.408303 0.415505 0.431086 0.446733 0.44695 0.453052 0.456105 0.477419 0.508243 0.568614 0.607147 0.639398 0.674718 0.749803 0.793229 0.82726 0.923322 0.982597 1.02951 1.08248 1.12629 1.16955 1.29989 1.43062 1.59982 1.89584 2.16021 2.33812 2.61958 2.85895 3.14219 3.82088 4.62898 5.68028 7.08109 9.60795 13.8965 21.7529 43.8408 148.793 
59 0.399556 0.40481 0.403669 0.406392 0.443371 0.448408 0.455209 0.4637 0.469144 0.497843 0.59671 0.609768 0.618063 0.630754 0.653624 0.693986 0.74581 0.796358 0.825533 0.825048 0.883449 0.879606 0.997056 1.0336 1.11499 1.18134 1.19381 1.33517 1.4594 1.53174 1.61758 1.69961 1.87562 2.0251 2.25077 2.35105 2.72547 3.18311 3.53987 4.07949 4.55582 5.32703 6.27971 7.81091 9.51542 12.1812 16.991 26.7239 43.0339 137.144 
60 0.161399 0.16801 0.167226 0.183633 0.181429 0.180736 0.204733 0.210995 0.237354 0.255029 0.258414 0.267558 0.280548 0.293358 0.299774 0.305387 0.309113 0.34084 0.360921 0.379594 0.37845 0.394535 0.431718 0.446486 0.490273 0.565967 0.597868 0.648466 0.691192 0.732937 0.816993 0.871772 0.948937 1.03908 1.10721 1.23781 1.36712 1.57886 1.79602 2.02243 2.3313 2.74782 3.33115 4.24515 5.33353 7.44494 10.9368 17.8396 36.6286 131.332 
61 0.154886 0.157514 0.163648 0.171855 0.17897 0.189412 0.195472 0.20567 0.208373 0.229749 0.237471 0.254422 0.261452 0.268988 0.289176 0.299136 0.323957 0.344469 0.35854 0.367739 0.374097 0.399517 0.416299 0.437362 0.465749 0.523621 0.575769 0.629017 0.661781 0.715116 0.801689 0.852727 0.947752 1.0444 1.13312 1.25366 1.34327 1.56595 1.74783 2.01908 2.37197 2.75707 3.34813 4.19675 5.50619 7.65202 11.4228 19.0551 39.4484 138.703 
62 0.13742 0.147946 0.154433 0.157145 0.161863 0.173278 0.182427 0.192796 0.199263 0.203361 0.211772 0.239068 0.241919 0.251277 0.254274 0.267716 0.276712 0.286211 0.293082 0.30949 0.324155 0.335526 0.365163 0.390556 0.409532 0.440228 0.478342 0.51796 0.559038 0.598307 0.651249 0.713801 0.77782 0.843476 0.918475 1.03302 1.13718 1.28889 1.49809 1.73852 2.08331 2.38909 2.93245 3.63454 4.91914 6.78462 9.94176 16.8838 35.1883 128.527 
63 0.350115 0.378312 0.39187 0.391765 0.351048 0.382781 0.386413 0.386312 0.413402 0.442619 0.440105 0.441445 0.452367 0.452366 0.484883 0.513313 0.542356 0.577322 0.591303 0.61501 0.690472 0.718025 0.732209 0.806092 0.856313 0.872044 0.981431 1.03728 1.067 1.15467 1.23381 1.37215 1.47285 1.75855 1.94121 2.17458 2.36696 2.68298 3.01433 3.47969 4.00217 4.8078 5.60445 6.92681 9.04201 11.9017 16.7065 26.5455 51.035 166.695 
64 0.346512 0.355812 0.355794 0.378816 0.373412 0.388479 0.42594 0.4447 0.458117 0.479577 0.497394 0.505386 0.509219 0.54288 0.589897 0.603883 0.624935 0.637461 0.661012 0.740731 0.752636 0.762507 0.807847 0.855123 0.915808 0.979022 1.01084 1.08137 1.17734 1.32458 1.39702 1.50768 1.61291 1.77566 1.96106 2.10722 2.36298 2.66569 2.97177 3.44987 3.92627 4.6163 5.50045 6.89338 8.47598 11.4365 16.3292 26.3438 51.2594 171.151 
65 1.00944 1.04875 1.15333 1.14883 1.16119 1.18931 1.27776 1.31847 1.41005 1.42246 1.48683 1.62617 1.67562 1.75118 1.77891 1.87862 1.93809 2.02034 2.10254 2.57913 2.63328 2.61074 2.68171 2.80845 2.91814 2.93083 3.10109 3.36828 3.55398 4.22709 4.32996 4.36818 4.67512 5.15542 5.62326 6.32441 6.49871 7.3608 8.20853 9.12955 10.3591 12.0027 14.6393 17.8567 20.5517 27.4943 36.9516 55.6121 104.801 307.262 
66 0.282335 0.299307 0.300296 0.307246 0.306886 0.308724 0.352598 0.362967 0.382787 0.390517 0.400086 0.41796 0.42547 0.444511 0.475635 0.485112 0.496504 0.546574 0.574035 0.59676 0.647542 0.656671 0.692873 0.723996 0.762944 0.833641 0.879084 0.930637 0.992842 1.07693 1.16418 1.2302 1.37172 1.53896 1.7098 1.87823 2.0099 2.24511 2.53734 2.95249 3.39184 4.08068 4.92207 5.8503 7.99268 10.8988 15.5447 24.8265 49.4337 159.715 
67 0.253374 0.236739 0.258954 0.265455 0.258866 0.279013 0.281611 0.285811 0.316683 0.315544 0.323086 0.339814 0.346682 0.379883 0.396355 0.403851 0.411975 0.421269 0.443544 0.469854 0.507611 0.523525 0.558867 0.57136 0.634262 0.669319 0.691235 0.746688 0.797358 0.865705 0.906435 1.11757 1.21446 1.35038 1.47505 1.59309 1.77246 1.96562 2.20636 2.50875 2.8939 3.48852 4.0802 5.09865 6.57937 8.91755 12.9326 20.851 42.0405 146.358 
68 0.181471 0.193257 0.215945 0.225048 0.233019 0.233266 0.241753 0.255065 0.249599 0.275457 0.293142 0.299715 0.302871 0.322105 0.321794 0.363081 0.385994 0.411876 0.42809 0.463534 0.468619 0.48433 0.530587 0.548179 0.595643 0.671939 0.723664 0.783897 0.841218 0.88893 0.97454 1.05295 1.14709 1.27126 1.36433 1.49326 1.66204 1.82447 2.06124 2.38371 2.80634 3.2299 3.86451 4.79814 6.12426 8.27684 11.9065 19.6346 39.8816 137.872 
69 0.211353 0.238482 0.251909 0.24867 0.250021 0.270311 0.277835 0.295423 0.346434 0.364361 0.368043 0.379923 0.399269 0.389526 0.438289 0.42309 0.429572 0.449102 0.491041 0.512232 0.524504 0.557301 0.605478 0.663674 0.699013 0.774398 0.815912 0.864087 0.939324 1.01505 1.12317 1.19272 1.29078 1.42392 1.57912 1.70383 1.90074 2.22772 2.49648 2.90437 3.29955 3.95189 4.74116 6.00296 7.67145 10.3046 14.7607 21.9251 42.8697 124.9 
70 0.411709 0.414026 0.411353 0.400985 0.434171 0.436089 0.469703 0.476698 0.494196 0.563665 0.600317 0.635452 0.647966 0.669576 0.673976 0.724647 0.730971 0.767431 0.806378 0.857679 0.907564 0.950766 1.00877 1.15782 1.18383 1.23287 1.28086 1.38903 1.56174 1.67851 1.6683 1.8186 2.00728 2.06705 2.37573 2.68548 3.01481 3.21286 3.6285 4.0468 4.64726 5.4088 6.49424 7.95017 9.5281 12.7781 17.928 28.5133 55.1793 177.697 
71 0.1586 0.15571 0.152901 0.154682 0.154667 0.171235 0.186938 0.191448 0.209564 0.211081 0.211482 0.22411 0.236113 0.239146 0.258953 0.261246 0.273338 0.291135 0.32355 0.344055 0.35597 0.37502 0.397897 0.426788 0.439937 0.476651 0.523326 0.564132 0.615104 0.65565 0.692976 0.755993 0.879905 0.943227 1.03565 1.14794 1.27874 1.43877 1.68987 1.88052 2.23003 2.65099 3.21278 4.04958 5.32369 7.26012 10.5814 17.803 36.4124 129.723 
72 0.177567 0.177507 0.177475 0.177415 0.194372 0.210539 0.216534 0.238674 0.239614 0.248285 0.257348 0.257875 0.268188 0.274222 0.283124 0.305253 0.317498 0.319153 0.335442 0.352175 0.391804 0.432047 0.436504 0.467485 0.491986 0.509617 0.538264 0.578005 0.634364 0.665142 0.709064 0.750864 0.814838 0.897476 0.999027 1.111 1.25286 1.38674 1.54858 1.77541 2.05123 2.49713 3.05716 3.79936 4.95898 6.84238 10.1624 16.7567 34.9634 127.724 
73 0.178976 0.180232 0.189456 0.203426 0.204546 0.228746 0.226112 0.213329 0.223992 0.25835 0.26611 0.269102 0.304784 0.309453 0.326564 0.345904 0.356002 0.376031 0.415145 0.418107 0.429877 0.448438 0.489965 0.538843 0.565803 0.614462 0.641638 0.690862 0.786871 0.818855 0.915301 0.994937 1.10097 1.21153 1.29451 1.41752 1.55727 1.72336 1.97839 2.29273 2.69501 3.19889 3.86096 4.86241 6.15963 8.38042 12.4024 20.3145 41.2818 143.423 
74 0.173147 0.173007 0.169726 0.167909 0.171784 0.174282 0.182683 0.201525 0.206311 0.208228 0.216734 0.223943 0.235692 0.254135 0.271924 0.296327 0.317978 0.329429 0.347775 0.365492 0.392563 0.398013 0.422927 0.435952 0.451704 0.468845 0.516224 0.568827 0.637097 0.670369 0.724759 0.789034 0.868783 0.985748 1.04232 1.19532 1.31119 1.48973 1.70719 1.9862 2.34401 2.7586 3.31136 4.08632 5.33548 7.43587 10.9041 18.1956 37.7823 135.195 
75 0.367428 0.255531 0.274294 0.306235 0.306266 0.3208 0.326976 0.34384 0.377178 0.406008 0.390084 0.412984 0.423879 0.438266 0.453588 0.474153 0.487444 0.530779 0.546005 0.597077 0.62807 0.663568 0.701897 0.720445 0.766793 0.810337 0.846275 0.918179 1.03396 1.07629 1.18918 1.27283 1.3652 1.48486 1.68539 1.87016 2.1099 2.2999 2.64263 3.0416 3.5489 4.23139 4.99553 6.1137 7.69188 10.1941 14.7363 23.7737 46.249 156.202 
76 0.378378 0.388333 0.388291 0.404746 0.409854 0.422944 0.455858 0.475355 0.503409 0.537045 0.560546 0.56547 0.588148 0.604842 0.653518 0.673997 0.683645 0.743709 0.792467 0.829384 0.872649 0.892596 0.951432 0.961997 0.988601 1.02057 1.12921 1.14014 1.28556 1.45275 1.50311 1.68015 1.7885 1.92851 2.09046 2.2876 2.4799 2.8001 3.19027 3.60845 4.03236 4.65039 5.60082 6.91998 9.11914 11.9095 16.5751 26.5141 52.5937 170.892 
77 0.213381 0.20817 0.208204 0.226188 0.234772 0.248636 0.250198 0.278583 0.285114 0.293038 0.297127 0.301538 0.314436 0.34211 0.342059 0.358433 0.385976 0.397045 0.467059 0.492604 0.529189 0.555376 0.59416 0.627208 0.634414 0.677615 0.719792 0.76969 0.839194 0.928162 0.998284 1.10544 1.22331 1.34295 1.51156 1.60716 1.88185 2.14955 2.44836 2.79588 3.34212 3.95852 4.7191 5.81914 7.51432 10.0681 14.6597 23.8081 47.4626 159.736 
78 0.19874 0.213665 0.213583 0.226115 0.221992 0.231118 0.248996 0.253197 0.258059 0.293561 0.305683 0.319833 0.323169 0.331426 0.352167 0.364527 0.385593 0.399713 0.43114 0.466737 0.485031 0.498239 0.518307 0.558921 0.598851 0.652909 0.669479 0.726573 0.773584 0.8092 0.906217 1.04722 1.13517 1.23631 1.33904 1.46915 1.65656 1.81616 2.12542 2.44043 2.78314 3.36094 4.0443 5.06068 6.30511 8.54211 12.2848 20.0223 40.8314 141.085 
79 0.229433 0.239663 0.249613 0.259344 0.270459 0.260243 0.260289 0.275477 0.281454 0.308621 0.312437 0.334783 0.351972 0.355334 0.359552 0.374991 0.390047 0.414703 0.432122 0.459414 0.486228 0.495122 0.54581 0.563981 0.588655 0.640199 0.679691 0.717742 0.794286 0.861559 0.958598 1.04731 1.11785 1.23351 1.36616 1.49798 1.69776 1.90445 2.1424 2.47036 2.83184 3.42517 4.11858 5.2047 6.6004 8.98721 12.9985 21.0239 42.4916 146.151 
80 0.223103 0.219861 0.228689 0.237482 0.238681 0.241932 0.259494 0.272344 0.272785 0.304327 0.324687 0.329537 0.341696 0.375167 0.380128 0.403416 0.420747 0.435924 0.468934 0.528397 0.542323 0.574092 0.607698 0.617341 0.663325 0.711444 0.783586 0.830806 0.861609 0.948429 1.04153 1.105 1.18074 1.26531 1.40905 1.55125 1.71225 1.94681 2.16461 2.5083 2.87182 3.47168 4.16877 5.23238 6.74551 9.07183 13.1872 21.4667 42.8927 147.853 
81 0.199631 0.197615 0.223451 0.241699 0.253872 0.269555 0.278315 0.278628 0.292179 0.305635 0.307591 0.321636 0.325769 0.339383 0.351443 0.377766 0.396353 0.414752 0.458802 0.495446 0.501352 0.515185 0.556011 0.580231 0.63232 0.68831 0.712083 0.747464 0.775404 0.895617 0.957807 1.0696 1.16006 1.27971 1.36927 1.45923 1.68007 1.84796 2.03518 2.41789 2.86642 3.3302 4.01716 5.09149 6.48056 8.76726 12.6138 20.8062 42.1013 144.648 
82 0.455737 0.455517 0.463363 0.46966 0.469685 0.475133 0.472177 0.537479 0.574645 0.599334 0.639373 0.658823 0.70971 0.768975 0.834703 0.846081 0.884948 0.92647 0.983256 1.00929 1.06537 1.06987 1.11063 1.13403 1.2478 1.29248 1.36584 1.45315 1.64782 1.80446 1.87338 2.00932 2.18855 2.31395 2.43539 2.67531 2.93214 3.38102 3.81016 4.34411 4.8356 5.62128 6.6382 8.1178 10.3623 13.3933 18.7757 30.5214 57.7686 182.321 
83 0.558764 0.59616 0.604398 0.624963 0.625051 0.700191 0.697304 0.704242 0.743778 0.861016 0.907612 0.868813 0.996152 1.01973 1.083 1.11312 1.17163 1.12565 1.21641 1.34453 1.3833 1.43694 1.5785 1.63849 1.67467 1.77364 1.93647 2.02841 2.1944 2.30757 2.70484 3.07836 3.20686 3.49814 3.6605 4.03545 4.33704 4.97206 5.64343 6.58655 7.69963 9.2789 10.9105 12.7885 16.2599 21.3338 30.1964 46.6387 83.2029 253.558 
84 0.229375 0.232899 0.240367 0.241822 0.241783 0.273856 0.284337 0.296507 0.307916 0.316514 0.329786 0.33132 0.359142 0.379695 0.385928 0.396523 0.40962 0.452714 0.468718 0.469894 0.512964 0.543568 0.57107 0.619662 0.652169 0.673978 0.751962 0.781334 0.827478 0.911636 0.997922 1.12494 1.19163 1.32582 1.46848 1.71026 1.82019 2.07882 2.36887 2.70338 3.12957 3.57475 4.30629 5.65951 7.3172 9.86648 14.091 23.1575 46.9654 156.442 
85 0.186834 0.202278 0.201939 0.210989 0.219718 0.219849 0.229804 0.237809 0.251402 0.23629 0.256633 0.260803 0.280457 0.288156 0.297481 0.325659 0.338126 0.363787 0.365034 0.385103 0.40335 0.455363 0.456792 0.489673 0.514882 0.550393 0.588353 0.625551 0.667918 0.711846 0.77122 0.841108 0.924548 1.01332 1.15172 1.24793 1.40459 1.57562 1.71906 2.01309 2.40213 2.87608 3.44862 4.42092 5.69973 7.972 11.7361 19.4882 40.021 140.397 
86 0.300536 0.395753 0.444956 0.450635 0.481954 0.50267 0.565147 0.548349 0.634228 0.634086 0.653679 0.678788 0.697432 0.759262 0.778478 0.796028 0.810315 0.846803 0.863616 0.870385 0.910827 1.02441 1.0984 1.12668 1.18622 1.21327 1.31375 1.44894 1.57535 1.66486 1.74832 1.85879 2.0641 2.45618 2.66225 2.94359 3.25376 3.54702 3.96503 4.49972 5.24341 5.98711 7.26107 8.96957 11.9421 15.8009 23.5463 35.1287 65.0735 202.296 
87 0.288834 0.305702 0.324151 0.340795 0.345338 0.36519 0.386764 0.396941 0.413976 0.424994 0.426394 0.440876 0.465682 0.496979 0.532127 0.517062 0.524555 0.55594 0.586164 0.622224 0.666777 0.723774 0.811196 0.832528 0.895718 1.04118 1.06103 1.08803 1.18562 1.28057 1.31459 1.39105 1.51723 1.70123 1.90404 2.0629 2.31871 2.64163 2.99281 3.40024 4.03766 4.73442 5.66954 7.05906 8.98684 12.0387 17.8059 28.1051 54.5143 174.631 
88 0.214236 0.216501 0.216513 0.224369 0.243991 0.244023 0.253393 0.272983 0.274824 0.274777 0.308854 0.30884 0.30571 0.319516 0.314925 0.346863 0.371123 0.406573 0.436754 0.477086 0.497484 0.524191 0.567861 0.599453 0.637606 0.67163 0.730935 0.779833 0.82752 0.884151 0.938835 0.996714 1.10535 1.21308 1.39042 1.58773 1.66391 1.83394 2.04749 2.39908 3.0181 3.56782 4.27373 5.30434 6.76829 9.21445 13.3384 21.3275 42.2837 143.189 
89 0.315762 0.321169 0.323517 0.336651 0.350167 0.33639 0.347463 0.394572 0.419452 0.427198 0.437249 0.450699 0.51777 0.523212 0.531112 0.565248 0.558646 0.571228 0.592798 0.627986 0.667111 0.689979 0.780923 0.777925 0.858265 0.880283 0.919837 0.970201 1.06824 0.996359 1.0627 1.1464 1.2556 1.36833 1.6426 1.60379 1.92542 2.07364 2.31613 2.69533 3.16419 3.81117 4.60871 5.57765 7.16229 9.46061 13.3712 21.0952 40.4124 128.084 
90 0.212186 0.230749 0.245176 0.257022 0.259802 0.269694 0.294072 0.319756 0.327602 0.330386 0.358715 0.389903 0.400277 0.455851 0.459959 0.474142 0.492374 0.540548 0.559472 0.580743 0.596558 0.61198 0.61724 0.678138 0.765292 0.806511 0.844644 0.906613 0.94737 1.02145 1.1288 1.17973 1.29166 1.41144 1.53285 1.73266 1.85632 2.12665 2.48155 2.7532 3.32452 3.91871 4.89291 5.9753 7.49202 10.0009 14.3343 22.8746 45.986 154.574 
91 0.262045 0.270266 0.282473 0.29396 0.305121 0.306771 0.354408 0.362953 0.407483 0.405867 0.420126 0.432402 0.4472 0.453802 0.46731 0.485651 0.517615 0.533185 0.592969 0.606839 0.649572 0.63911 0.696874 0.749754 0.846213 0.896417 0.950304 0.987329 1.07408 1.13436 1.19492 1.29841 1.41041 1.51273 1.70053 1.8013 2.15093 2.45747 2.66609 3.08096 3.56309 4.21695 4.87015 6.0821 7.75049 10.5533 15.2693 23.724 47.9891 160.525 
92 0.463476 0.465223 0.473315 0.494857 0.535088 0.531643 0.560505 0.548779 0.562547 0.561879 0.584477 0.606303 0.607764 0.604645 0.638093 0.670669 0.67269 0.800849 0.874885 0.893717 0.931085 0.993188 1.0317 1.13774 1.15487 1.23354 1.32961 1.42613 1.49981 1.6346 1.75372 1.88096 2.13821 2.35321 2.57956 2.78569 3.12283 3.42083 3.77994 4.31115 4.97354 5.991 6.87247 8.46084 10.5066 14.091 19.8256 31.8514 60.7176 191.791 
93 0.181003 0.18066 0.184189 0.197907 0.204892 0.20892 0.219509 0.250913 0.261323 0.261189 0.267472 0.284392 0.290548 0.319261 0.349445 0.374525 0.429585 0.457796 0.508892 0.549272 0.549145 0.57366 0.583237 0.623118 0.664699 0.687965 0.707816 0.783997 0.826209 0.92233 1.02666 1.12049 1.27743 1.34547 1.45318 1.58092 1.76665 2.04467 2.28482 2.71096 3.06094 3.63398 4.45911 5.58074 7.14791 9.42199 13.6381 22.1192 44.7136 150.267 
94 0.240294 0.253752 0.260262 0.260538 0.319407 0.31498 0.312736 0.325 0.330438 0.377388 0.399588 0.400871 0.412911 0.419587 0.426156 0.459008 0.481616 0.49809 0.497474 0.52108 0.566016 0.580841 0.613885 0.681972 0.695279 0.737307 0.791911 0.840438 0.903775 0.94675 1.01447 1.11237 1.20488 1.29495 1.45612 1.59263 1.84734 1.98981 2.25632 2.58506 3.07908 3.5434 4.32653 5.42472 7.00525 9.52914 14.287 22.8745 45.8356 154.981 
95 0.273376 0.289984 0.300125 0.317271 0.355307 0.377637 0.377501 0.395138 0.427689 0.437884 0.460424 0.484992 0.500517 0.525489 0.557895 0.575839 0.619818 0.669989 0.660793 0.708341 0.742384 0.769109 0.761756 0.782593 1.01554 1.12613 1.14706 1.28708 1.33488 1.41333 1.58471 1.77999 2.01274 2.18315 2.29544 2.58505 2.90626 3.30673 3.83771 4.29829 4.78343 5.57838 6.69717 8.79862 10.8924 13.7721 19.771 30.3401 59.1376 186.032 
96 0.199631 0.215289 0.220303 0.219421 0.229089 0.243376 0.244987 0.256708 0.26164 0.258405 0.274759 0.294852 0.297099 0.325692 0.340761 0.358186 0.366669 0.410661 0.421097 0.450542 0.470862 0.499127 0.561383 0.576064 0.597379 0.628112 0.674517 0.69754 0.740308 0.856918 0.930644 0.982441 1.04469 1.16488 1.23855 1.4923 1.69219 1.94004 2.11394 2.46746 2.79396 3.45769 4.13695 4.94802 6.43673 8.73562 12.7756 20.7811 42.1418 144.892 
97 0.199505 0.208745 0.222084 0.22811 0.246331 0.255469 0.274611 0.327927 0.328852 0.334884 0.341574 0.356777 0.373759 0.405138 0.428977 0.46458 0.482032 0.502727 0.492842 0.510932 0.569788 0.589725 0.635399 0.691352 0.733284 0.740646 0.790172 0.863552 0.950449 1.01986 1.07196 1.17683 1.29009 1.43686 1.44171 1.71353 1.87243 2.08517 2.29796 2.71043 3.25536 3.68155 4.4635 5.51792 6.99724 9.33833 13.2126 22.0852 43.3225 147.465 
98 0.188721 0.196144 0.206715 0.223481 0.223505 0.235622 0.247379 0.262936 0.291769 0.299854 0.314591 0.321197 0.334126 0.33522 0.351092 0.369593 0.384703 0.395183 0.391627 0.40947 0.42497 0.448337 0.484749 0.499394 0.543286 0.600922 0.691025 0.73651 0.781843 0.830603 0.87447 0.945875 1.05952 1.15077 1.23543 1.37951 1.53842 1.73949 1.98744 2.29426 2.68704 3.2435 4.08492 5.02804 6.39194 9.12084 13.1897 21.9295 43.4857 148.146 
99 0.193593 0.19339 0.196382 0.222259 0.224147 0.247687 0.267769 0.280145 0.295828 0.315319 0.317627 0.328147 0.347323 0.363041 0.36306 0.423527 0.44605 0.44436 0.460976 0.485454 0.507109 0.511875 0.511942 0.547696 0.607557 0.63201 0.699938 0.736059 0.788412 0.901667 0.960728 1.0312 1.11103 1.21085 1.28603 1.48709 1.71 1.90813 2.10367 2.4393 2.7938 3.32084 4.01289 4.94805 6.34661 8.60026 12.4718 20.4806 41.3699 141.224 
100 0.318647 0.334248 0.334282 0.333625 0.355335 0.371633 0.382543 0.414621 0.442144 0.438027 0.43673 0.454293 0.481828 0.516784 0.529971 0.566292 0.578628 0.592308 0.623538 0.662458 0.694288 0.740657 0.798844 0.879935 0.902615 0.936421 0.993612 1.12503 1.13631 1.25357 1.35187 1.48679 1.6714 1.81127 2.0032 2.28798 2.61364 2.93653 3.19367 3.65111 4.24449 5.26999 6.37774 7.44635 9.51383 12.8001 18.6802 28.9979 55.9196 184.222 
101 0.424257 0.486453 0.491685 0.486534 0.490443 0.490771 0.564152 0.561316 0.592138 0.612835 0.658392 0.678756 0.703241 0.704969 0.734896 0.84177 0.770208 0.790135 0.913771 1.07346 0.934172 0.951227 1.05184 1.09753 1.15409 1.1672 1.20904 1.28591 1.36614 1.42506 1.52528 1.69513 1.73029 2.13233 2.36946 2.65896 2.87662 3.20538 3.36015 3.86594 4.45292 5.05308 6.08133 7.52494 9.47318 12.5647 17.4749 27.7875 56.0192 179.296 
102 0.222426 0.220084 0.264607 0.264474 0.264553 0.277436 0.282592 0.294806 0.297153 0.31304 0.315823 0.326672 0.328153 0.348896 0.435128 0.448468 0.454094 0.446966 0.435489 0.484254 0.521884 0.555055 0.578802 0.613934 0.63758 0.660868 0.729659 0.769004 0.807209 0.887116 0.954407 1.06334 1.12972 1.19937 1.32658 1.47532 1.6511 1.8536 2.07371 2.42242 2.75635 3.26442 3.99727 4.94487 6.39907 8.61149 12.5264 20.6321 41.9195 144.648 
103 0.222845 0.233958 0.234188 0.236989 0.243419 0.242449 0.258235 0.275498 0.281301 0.283908 0.305801 0.308223 0.323154 0.340828 0.351219 0.357675 0.377403 0.395309 0.426093 0.440979 0.45311 0.489102 0.515498 0.559519 0.575114 0.601592 0.669256 0.696571 0.767584 0.795853 0.874754 0.999735 1.06858 1.17826 1.29345 1.40952 1.54447 1.7351 2.0477 2.28302 2.78409 3.22561 3.94373 4.87574 6.27068 8.40513 12.5626 20.941 42.4297 146.807 
104 0.181991 0.184856 0.202708 0.204013 0.20843 0.214429 0.224049 0.234033 0.256956 0.272637 0.28627 0.295171 0.31203 0.335887 0.33129 0.342049 0.353055 0.360737 0.422885 0.44959 0.465405 0.466914 0.505627 0.531629 0.571925 0.627133 0.669476 0.715843 0.78463 0.821587 0.917332 0.92876 0.989748 1.09006 1.18964 1.43015 1.59272 1.79411 2.05936 2.42198 2.73778 3.20886 3.91308 4.81919 6.25494 8.25681 12.0705 20.1447 41.4454 144.696 
105 0.209187 0.211643 0.218343 0.218376 0.231518 0.239539 0.242476 0.259636 0.263969 0.278335 0.290274 0.306408 0.302896 0.304422 0.326127 0.328729 0.347436 0.378457 0.402957 0.408108 0.430845 0.446116 0.474943 0.5329 0.578288 0.614343 0.652382 0.714827 0.787224 0.838012 0.863109 0.893133 0.988064 1.09373 1.21999 1.34481 1.51309 1.74124 1.92419 2.2443 2.57266 3.08899 3.71923 4.68465 6.07184 8.08425 12.0319 19.5009 40.2554 139.318 
106 0.170921 0.173526 0.17899 0.180983 0.192609 0.197259 0.198853 0.251938 0.25441 0.280047 0.297544 0.307418 0.306777 0.31172 0.329446 0.334122 0.345171 0.381245 0.38332 0.413174 0.432411 0.431984 0.45238 0.504166 0.526384 0.554008 0.569236 0.602619 0.66679 0.736192 0.770647 0.871709 0.92314 1.02902 1.11307 1.23834 1.45013 1.67673 1.84595 2.14993 2.51935 2.98662 3.66308 4.60221 5.97878 8.16927 11.8954 19.4052 39.4749 139.455 
107 0.261742 0.256789 0.267348 0.26733 0.271549 0.294064 0.303547 0.315247 0.320599 0.350429 0.37689 0.388342 0.418263 0.427643 0.451666 0.469206 0.491382 0.482473 0.508024 0.532503 0.583418 0.621333 0.66473 0.679813 0.707702 0.749448 0.809582 0.907429 0.957997 1.02729 1.13021 1.23777 1.29023 1.41152 1.55685 1.73822 1.91593 2.23834 2.4351 2.85995 3.34891 3.98924 4.73305 5.76648 7.35683 9.7807 14.3507 23.2897 46.4876 155.098 
108 0.348095 0.360727 0.365454 0.367049 0.382867 0.382769 0.393933 0.394068 0.395115 0.406427 0.411687 0.45159 0.483744 0.483097 0.513525 0.569661 0.630053 0.670217 0.715019 0.737051 0.719213 0.764822 0.804198 0.823258 0.85208 0.889214 0.902664 0.976387 1.03682 1.12165 1.20501 1.36866 1.49439 1.69104 1.77732 1.94084 2.13212 2.37037 2.62785 3.18331 3.65222 4.28154 5.09894 6.25948 8.09102 10.7487 15.206 24.4464 48.2558 157.599 
109 0.304708 0.330165 0.342776 0.355006 0.369026 0.349351 0.358904 0.401587 0.418275 0.431601 0.450217 0.459267 0.484545 0.51921 0.533488 0.568101 0.612285 0.626106 0.674555 0.700596 0.74626 0.794754 0.820312 0.853331 0.930712 0.949104 1.04474 1.09221 1.20598 1.29121 1.39652 1.52301 1.65722 1.7339 1.96584 2.23631 2.41097 2.75734 3.08768 3.48785 4.15418 4.88044 5.86491 7.45874 9.62259 12.9258 18.7863 30.0334 57.7117 183.417 
110 0.162646 0.17464 0.191569 0.201513 0.20351 0.213682 0.225505 0.225473 0.243906 0.259579 0.252189 0.276961 0.272368 0.279026 0.292782 0.329592 0.335973 0.355359 0.383173 0.382819 0.427412 0.446186 0.459599 0.470332 0.535467 0.598131 0.648814 0.700624 0.735377 0.831282 0.891926 0.934035 1.05067 1.11782 1.26919 1.44604 1.59041 1.75987 2.00923 2.28043 2.69121 3.23134 3.93675 4.94662 6.39538 8.65063 12.675 20.567 42.032 146.025 
111 0.375206 0.37617 0.39741 0.397287 0.399807 0.410198 0.460075 0.485571 0.48139 0.529554 0.545128 0.591765 0.606063 0.67481 0.715586 0.777837 0.784696 0.810424 0.838096 0.853449 0.878525 0.929013 0.987205 1.05272 1.17296 1.19699 1.23858 1.293 1.34786 1.43987 1.54001 1.76126 1.95379 2.06243 2.21659 2.40785 2.67481 2.97013 3.35041 3.84576 4.78508 5.42946 6.48871 7.87693 10.332 13.6198 18.9652 29.7732 58.7129 186.91 
112 0.344976 0.355506 0.364548 0.398814 0.405567 0.43342 0.471394 0.512405 0.536157 0.557245 0.556515 0.575956 0.598537 0.648914 0.670703 0.673708 0.69479 0.686781 0.728906 0.725619 0.752052 0.773694 0.824493 0.869612 0.97531 1.05829 1.11385 1.19464 1.54225 1.65314 1.75634 1.84672 1.99238 2.11358 2.28336 2.44941 2.88381 3.23485 3.78741 4.32576 4.89968 5.47639 6.51551 8.40688 10.4285 13.612 19.4581 30.5227 57.2693 183.613 
113 0.186096 0.194938 0.200672 0.208575 0.221735 0.241928 0.247224 0.273346 0.287897 0.30422 0.316724 0.314485 0.329324 0.356542 0.345946 0.378275 0.381064 0.396244 0.435256 0.456293 0.503775 0.54191 0.582868 0.635141 0.670624 0.714859 0.714695 0.753469 0.820782 0.929501 1.00137 1.08055 1.24854 1.33172 1.37126 1.53448 1.71242 1.95755 2.20448 2.47452 2.90673 3.57591 4.28265 5.20841 6.89076 9.34364 13.4324 22.0452 44.1827 150.812 
114 0.293438 0.293372 0.339508 0.351498 0.377631 0.382036 0.369628 0.396795 0.390791 0.403907 0.406885 0.436196 0.454816 0.480099 0.487888 0.509702 0.539087 0.562196 0.583377 0.597483 0.62116 0.642424 0.681572 0.748074 0.780717 0.798569 0.851415 0.9331 0.975744 1.096 1.30584 1.42117 1.53579 1.6415 1.75851 1.80101 2.05455 2.22925 2.53265 2.84711 3.32428 3.7655 4.60912 5.79409 7.32632 9.87845 14.1488 22.8552 45.2458 153.858 
115 0.252514 0.188936 0.192966 0.198426 0.198453 0.19835 0.2121 0.233683 0.238772 0.237839 0.254787 0.287741 0.289035 0.291322 0.3045 0.318779 0.34523 0.355445 0.368076 0.384286 0.413534 0.428249 0.458044 0.493531 0.498469 0.558301 0.594965 0.64006 0.686207 0.736008 0.813101 0.86838 0.931143 1.02879 1.13625 1.26708 1.40929 1.59143 1.83828 2.10037 2.41863 2.90395 3.54175 4.39822 5.73876 7.71487 11.4714 18.7991 38.6211 136.326 
116 0.216272 0.216991 0.221379 0.235797 0.237876 0.249718 0.299994 0.308323 0.32635 0.356768 0.375927 0.395194 0.432864 0.441711 0.459585 0.468696 0.470784 0.485893 0.481282 0.51669 0.538715 0.575391 0.593665 0.656826 0.687823 0.7106 0.764851 0.84186 0.959987 1.0291 1.10622 1.19775 1.28393 1.38872 1.55372 1.72591 1.98272 2.20472 2.54825 2.93379 3.62135 4.15535 4.99149 6.1208 7.84697 10.6537 15.0428 24.3575 48.5873 161.031 
117 0.19853 0.20457 0.200659 0.205747 0.223454 0.23999 0.247161 0.25987 0.269395 0.283271 0.288106 0.285261 0.301194 0.307196 0.32437 0.320725 0.331494 0.349005 0.380047 0.409938 0.419558 0.445102 0.503878 0.523713 0.607351 0.624552 0.656654 0.705125 0.746758 0.822505 0.852835 0.949527 1.0435 1.0922 1.23042 1.37574 1.58685 1.73975 1.96952 2.25565 2.63147 3.08587 3.80896 4.67738 6.16343 8.58543 12.4058 19.9611 40.6755 140.203 
118 0.361961 0.365661 0.382976 0.408184 0.421375 0.439231 0.440676 0.460063 0.474456 0.471591 0.501345 0.533875 0.545262 0.589147 0.601798 0.635692 0.659333 0.707026 0.817682 0.875786 0.982101 0.990579 1.0185 1.06595 1.13047 1.24193 1.29821 1.34244 1.44664 1.56995 1.70867 1.91575 2.07252 2.30603 2.56699 2.70402 3.03114 3.2521 3.76827 4.39603 5.11991 6.12991 7.44301 8.75755 11.2576 14.8224 20.789 32.8563 62.9247 197.801 
119 0.187316 0.187119 0.187026 0.200963 0.208741 0.212843 0.216982 0.222376 0.225595 0.236649 0.251389 0.259432 0.274069 0.279044 0.289828 0.30787 0.329523 0.347103 0.363787 0.374256 0.381473 0.407911 0.436047 0.464485 0.498067 0.529733 0.556798 0.607124 0.628645 0.659717 0.700917 0.786389 0.894554 0.951088 1.06436 1.16464 1.31318 1.48417 1.69065 1.94985 2.27473 2.63894 3.31695 4.12904 5.38593 7.43203 10.7996 18.2163 37.3186 128.666 
120 0.221671 0.222316 0.223614 0.233525 0.248505 0.239455 0.240995 0.258173 0.261671 0.282899 0.290201 0.296217 0.313605 0.311865 0.31528 0.33602 0.356164 0.4071 0.418151 0.434015 0.4694 0.492373 0.529637 0.576617 0.620878 0.643749 0.663532 0.714174 0.784857 0.836853 0.94035 1.02896 1.09866 1.19383 1.29784 1.44416 1.61277 1.84123 2.1062 2.44219 2.81143 3.3957 4.11193 5.14592 6.60158 8.87722 13.1826 21.4784 43.4931 150.411 
121 0.171329 0.187206 0.190484 0.186751 0.188413 0.194186 0.210204 0.217234 0.237628 0.241202 0.249589 0.261227 0.277828 0.294507 0.299158 0.307557 0.335842 0.359729 0.38062 0.384973 0.418133 0.441819 0.480433 0.482733 0.506221 0.522975 0.561687 0.593998 0.632812 0.697921 0.74355 0.832081 0.927803 0.986345 1.12009 1.2356 1.39886 1.55595 1.78827 2.08505 2.44928 2.77282 3.30439 4.21357 5.37246 7.39382 10.9329 18.1853 37.6454 134.263 
122 0.268651 0.268832 0.278049 0.278016 0.298872 0.312543 0.312462 0.326143 0.334272 0.336179 0.359394 0.384453 0.40295 0.432039 0.438671 0.474939 0.501146 0.533161 0.545729 0.545075 0.584705 0.620566 0.62726 0.661925 0.719169 0.753592 0.784044 0.840648 0.912844 0.948308 1.04669 1.13878 1.25071 1.37425 1.43765 1.7055 1.8248 2.09238 2.3351 2.70101 3.23786 3.79544 4.5376 5.73079 7.22846 9.63803 13.5919 22.49 45.7488 152.244 
123 0.346676 0.350521 0.363662 0.364898 0.387216 0.395804 0.403338 0.431409 0.446766 0.502851 0.550555 0.549614 0.589033 0.590625 0.622224 0.65453 0.702313 0.720691 0.730293 0.779803 0.760061 0.769886 0.815154 0.885997 0.929679 1.0301 1.09129 1.11547 1.2387 1.32162 1.43247 1.57219 1.68658 1.79806 1.97904 2.09563 2.38193 2.66867 3.01266 3.40661 4.06727 4.72849 5.63042 7.21256 8.79785 11.6193 16.7184 26.9176 51.3288 167.203 
124 0.232686 0.239684 0.244303 0.253057 0.260459 0.264332 0.26896 0.277325 0.283013 0.298157 0.32742 0.374797 0.388264 0.408074 0.42924 0.449151 0.466629 0.500933 0.516366 0.552604 0.574724 0.574254 0.621264 0.690969 0.692593 0.777653 0.837739 0.881227 0.95265 0.996172 1.04875 1.16849 1.31234 1.43414 1.56629 1.80184 1.94752 2.17514 2.46453 2.81516 3.37932 4.10655 4.81979 6.01191 7.69593 10.3068 15.026 24.216 47.9976 161.774 
125 0.190975 0.200976 0.204559 0.208952 0.203042 0.214193 0.230058 0.230669 0.254865 0.279571 0.299644 0.300887 0.320381 0.322599 0.319898 0.350091 0.352949 0.357166 0.387412 0.384919 0.401945 0.419405 0.443039 0.471816 0.514219 0.554347 0.606694 0.650012 0.706297 0.786824 0.835246 0.89922 0.978322 1.05222 1.18454 1.37084 1.50316 1.64382 1.94089 2.29624 2.6941 3.10359 3.81886 4.83545 6.23232 8.39898 12.1743 20.4012 41.3126 142.204 
126 0.257096 0.262252 0.283927 0.291152 0.304493 0.313995 0.311221 0.316033 0.332224 0.332223 0.360023 0.370053 0.377132 0.387044 0.404296 0.439685 0.491101 0.511018 0.533717 0.562092 0.578118 0.609443 0.643213 0.69527 0.752054 0.774496 0.806786 0.864627 0.906432 0.982358 1.0796 1.14234 1.3211 1.38468 1.52038 1.66915 1.88349 2.06163 2.3086 2.80595 3.22003 3.8315 4.46578 5.55442 7.00832 9.6403 13.6062 22.4522 46.2275 154.932 
127 0.206406 0.167818 0.169074 0.176656 0.188228 0.193031 0.197195 0.201639 0.217786 0.245214 0.285052 0.302114 0.313616 0.31817 0.328053 0.339519 0.344053 0.370543 0.393775 0.40787 0.423788 0.42605 0.44031 0.474645 0.512377 0.613259 0.66537 0.724554 0.721803 0.768186 0.841387 0.904617 0.958499 1.05741 1.16396 1.34124 1.4911 1.74353 1.97826 2.28072 2.62138 3.11677 3.82802 4.7351 6.10914 8.28741 12.294 20.2535 41.5224 143.874 
128 0.374256 0.389789 0.389656 0.414487 0.444604 0.448321 0.482362 0.507034 0.526695 0.526643 0.542393 0.580947 0.581182 0.601124 0.647722 0.676334 0.748785 0.753183 0.844305 0.857473 0.891898 0.960184 0.988098 1.06708 1.17552 1.24587 1.30243 1.3962 1.52021 1.60643 1.70111 1.81558 1.99652 2.12967 2.36421 2.61512 3.01298 3.36602 3.7487 4.24229 4.93024 5.8236 6.73069 8.18739 10.4868 13.9824 19.7302 31.467 59.5371 188.097 
129 0.853371 0.867483 0.874971 0.867483 0.867525 0.867727 0.91048 0.982252 0.985532 1.01957 1.1263 1.18274 1.18242 1.28362 1.26184 1.27859 1.34663 1.50792 1.54507 1.67054 1.77667 1.87034 1.95876 2.00238 2.08516 2.17613 2.40269 2.5052 2.73646 2.88406 3.02112 3.26578 3.56964 3.97166 4.26791 4.62754 5.26095 5.56839 6.19353 7.05662 7.94026 9.33587 11.589 13.6191 17.2178 23.1661 31.6139 47.7633 86.8735 220.242 
130 0.253408 0.255565 0.258552 0.255352 0.263914 0.303012 0.315543 0.322555 0.3473 0.354375 0.354387 0.386398 0.392187 0.416922 0.431952 0.495294 0.496995 0.525893 0.577514 0.581716 0.594484 0.628301 0.69533 0.746067 0.787896 0.823419 0.899051 0.881196 0.998539 1.02624 1.13449 1.21396 1.35148 1.45377 1.58949 1.67136 1.82454 2.07675 2.36439 2.68957 3.11287 3.67148 4.40928 5.60417 6.92491 9.44596 13.7609 22.3756 45.4093 154.043 
131 0.23678 0.243535 0.240815 0.248267 0.261707 0.266812 0.266889 0.284368 0.300776 0.312323 0.314384 0.33201 0.347578 0.369659 0.373246 0.382906 0.406914 0.428536 0.45755 0.490686 0.501714 0.573698 0.619412 0.621769 0.662855 0.697062 0.752638 0.79085 0.809444 0.842282 0.919362 0.992447 1.06442 1.17802 1.29113 1.4617 1.60896 1.772 2.03545 2.28827 2.76597 3.23514 3.91227 4.73509 6.26411 8.48047 12.4793 20.365 41.4564 142.343 
132 0.334686 0.345536 0.372528 0.372264 0.39193 0.402559 0.432686 0.44605 0.471508 0.478703 0.493411 0.51984 0.556633 0.58914 0.605364 0.609 0.651281 0.707105 0.746735 0.815265 0.851562 0.8987 0.946176 1.00738 1.04417 1.08456 1.20769 1.32006 1.3892 1.51628 1.68736 1.74611 1.88354 2.07956 2.3589 2.50013 2.77828 3.15927 3.52297 4.05805 4.6234 5.27782 6.18679 7.82283 10.0558 13.284 18.7037 29.43 55.638 176.743 
133 0.319009 0.322629 0.335431 0.335432 0.352096 0.357573 0.365047 0.375853 0.40731 0.424933 0.425127 0.475769 0.483616 0.522056 0.531026 0.521463 0.558533 0.568405 0.623996 0.601213 0.657132 0.68498 0.711752 0.751656 0.793581 0.834057 0.871729 0.928539 0.9894 1.03287 1.16114 1.25585 1.32339 1.45985 1.50239 1.67192 1.87702 2.07461 2.31779 2.59655 3.0055 3.50496 4.23005 5.23609 6.44514 8.60645 12.4335 20.0589 40.6846 140.925 
134 0.172628 0.179257 0.18012 0.177249 0.202522 0.214455 0.233351 0.234377 0.234447 0.246361 0.24608 0.251682 0.264427 0.292614 0.316292 0.330744 0.342088 0.359165 0.373758 0.387812 0.410947 0.440581 0.49312 0.512011 0.52211 0.573225 0.614179 0.645692 0.693281 0.723607 0.810367 0.870636 0.957221 1.07049 1.12985 1.25081 1.38451 1.51737 1.78628 2.16651 2.56442 3.06552 3.576 4.54163 6.05729 8.28475 12.0675 20.0393 40.3998 142.163 
135 0.183815 0.195935 0.206128 0.210774 0.210316 0.211746 0.233492 0.238149 0.254679 0.259237 0.291535 0.311469 0.343097 0.3623 0.362342 0.365437 0.403028 0.403972 0.402751 0.449967 0.474061 0.533251 0.55805 0.595902 0.639115 0.696998 0.740752 0.788923 0.828718 0.8893 0.934022 1.09046 1.15024 1.24845 1.47724 1.61519 1.77266 1.934 2.22351 2.60558 2.9985 3.57221 4.26992 5.40549 6.99588 9.23943 13.1939 21.9359 43.8574 150.073 
136 0.130977 0.143548 0.153981 0.163711 0.175787 0.179592 0.187979 0.196092 0.208248 0.213052 0.214636 0.21761 0.231316 0.235942 0.257785 0.273769 0.291954 0.292606 0.298294 0.303813 0.331515 0.35596 0.352643 0.388776 0.429613 0.466772 0.523484 0.557365 0.57463 0.628117 0.654607 0.706865 0.751183 0.855333 0.932995 1.03894 1.18426 1.43273 1.62942 1.92979 2.2158 2.60499 3.18997 4.09345 5.27145 7.30891 10.7704 17.7834 36.7619 131.545 
137 0.23645 0.241755 0.257521 0.273388 0.285607 0.279306 0.295805 0.30968 0.320773 0.34326 0.357255 0.376697 0.38616 0.393856 0.422372 0.459213 0.470195 0.502462 0.508921 0.531257 0.540382 0.575142 0.61058 0.628821 0.674827 0.745838 0.828947 0.91367 0.960665 1.02225 1.09396 1.15776 1.25594 1.33612 1.46519 1.60337 1.91517 2.16951 2.47991 2.7499 3.18543 3.77529 4.51879 5.77702 7.21973 9.77044 14.2332 23.445 45.9334 157.828 
138 0.222261 0.230021 0.230102 0.230049 0.237912 0.237888 0.267669 0.275643 0.283151 0.309692 0.311573 0.321458 0.323536 0.339619 0.372361 0.395455 0.401844 0.433588 0.462617 0.488334 0.495957 0.503517 0.546771 0.574284 0.593329 0.615593 0.681029 0.740412 0.813536 0.867984 0.907137 1.01629 1.06541 1.16508 1.30127 1.51114 1.6123 1.81356 2.1584 2.46809 2.84493 3.24118 4.00653 5.00348 6.45868 8.74837 12.8414 21.0156 42.7533 147.565 
139 0.217205 0.212192 0.215304 0.218744 0.229174 0.236138 0.266629 0.306405 0.316922 0.315922 0.343214 0.347774 0.368854 0.33438 0.367368 0.363926 0.385424 0.398215 0.437873 0.450691 0.484099 0.513592 0.544887 0.564636 0.58576 0.623369 0.666918 0.687127 0.814363 0.837368 0.941994 0.978286 1.06636 1.1951 1.31362 1.54018 1.72211 1.92258 2.20407 2.59659 2.97472 3.62711 4.32752 5.34261 7.17682 9.57745 13.8869 22.9233 45.1191 155.818 
140 0.192594 0.199601 0.205421 0.211316 0.21191 0.211949 0.232516 0.226108 0.260387 0.273969 0.279968 0.28114 0.291581 0.31136 0.318218 0.329485 0.358738 0.367446 0.377794 0.412087 0.438857 0.459532 0.509673 0.551604 0.570439 0.615102 0.632648 0.6454 0.694894 0.729277 0.790269 0.896661 0.96834 1.0705 1.20705 1.30896 1.39818 1.58557 1.76032 2.0707 2.5509 3.01579 3.5459 4.43962 5.66943 7.87167 11.8106 19.5025 39.9374 141.491 
141 0.356005 0.350461 0.361399 0.380397 0.419769 0.419798 0.41978 0.482986 0.484728 0.522514 0.547373 0.598841 0.581919 0.641708 0.7124 0.747852 0.775487 0.791008 0.84904 0.859432 0.917723 1.01642 1.13236 1.21068 1.25131 1.36656 1.40826 1.49425 1.58195 1.75433 1.85093 1.9758 2.12999 2.2205 2.36296 2.69493 2.84419 3.21678 3.80681 4.36217 5.02962 5.73717 6.77151 8.16701 10.2406 13.2926 18.802 30.3638 58.9207 185.368 
142 0.281518 0.290896 0.295166 0.298175 0.312642 0.319586 0.338776 0.341679 0.350755 0.416151 0.42031 0.43654 0.452463 0.466962 0.490093 0.536052 0.557962 0.612447 0.639177 0.654442 0.664586 0.673953 0.719193 0.808843 0.867662 0.952177 0.978548 0.994895 1.16397 1.28583 1.4393 1.54999 1.7033 1.85979 2.06204 2.19899 2.49644 2.80653 3.15884 3.86892 4.44807 5.10333 5.89809 7.53311 9.4148 12.4984 17.6913 28.1315 54.5687 173.682 
143 0.240562 0.249657 0.25686 0.270888 0.286126 0.308874 0.320482 0.318898 0.324652 0.35634 0.389723 0.406528 0.436716 0.441944 0.450967 0.488948 0.52415 0.584245 0.590559 0.626667 0.65524 0.687514 0.734218 0.785455 0.817923 0.901556 0.950165 1.0255 1.11944 1.22353 1.32496 1.49299 1.59926 1.70702 1.83582 2.01605 2.32768 2.51531 2.95378 3.2884 3.82223 4.42556 5.41358 6.63546 8.76328 11.7746 16.7007 27.2478 54.4924 177.71 
144 0.426711 0.433154 0.444205 0.462692 0.460465 0.460268 0.478796 0.4922 0.505122 0.531376 0.557697 0.586184 0.596887 0.633975 0.696914 0.754708 0.780891 0.805623 0.810586 0.895875 0.87903 0.935952 0.984597 0.979353 1.06943 1.13966 1.22255 1.30578 1.34943 1.46226 1.51603 1.6819 1.78532 1.95383 2.2663 2.44188 2.6274 2.90856 3.2643 3.82822 4.39267 4.98124 6.0461 7.50544 9.48461 12.895 18.3581 29.1459 55.4991 177.666 
145 0.217542 0.23872 0.261649 0.261655 0.271563 0.296635 0.296673 0.314888 0.315646 0.33722 0.369356 0.409939 0.410434 0.430796 0.478553 0.50418 0.531591 0.572748 0.60433 0.625177 0.663179 0.7021 0.714794 0.747424 0.785324 0.889988 0.966954 1.01175 1.07527 1.18626 1.35596 1.50043 1.59813 1.76893 1.94138 2.15036 2.34248 2.61872 3.00359 3.44524 4.12512 4.70102 5.51525 6.93687 9.06427 11.7524 17.1868 27.2679 53.469 173.924 
146 0.482583 0.479481 0.494301 0.535326 0.573485 0.608678 0.654503 0.625178 0.65819 0.735837 0.754796 0.794862 0.841068 0.868132 0.881949 0.890227 0.96579 0.985017 0.992843 1.03726 1.15604 1.21567 1.27496 1.37275 1.53435 1.59961 1.66171 1.76345 1.89506 2.08577 2.16289 2.32585 2.54858 2.74094 3.20129 3.47118 3.87624 4.22171 4.74887 5.26931 6.04681 7.16427 8.55583 10.4567 13.1371 17.7375 24.9144 39.1919 73.1751 222.835 
147 0.138889 0.151333 0.1533 0.154419 0.158838 0.171641 0.184679 0.196073 0.194575 0.225548 0.217005 0.224759 0.239977 0.252895 0.265637 0.276809 0.288713 0.308957 0.327416 0.344646 0.364598 0.385853 0.40136 0.434435 0.453766 0.498457 0.532323 0.559934 0.586075 0.655665 0.684304 0.744103 0.812914 0.873992 0.984143 1.14806 1.28299 1.47134 1.62064 1.94904 2.32966 2.77205 3.41682 4.22177 5.48189 7.58165 11.3257 18.6614 38.823 137.242 
148 0.76702 0.716638 0.738408 0.779068 0.748481 0.748485 0.77276 0.789526 0.797118 0.870725 0.905852 0.935812 0.965682 1.00213 1.03271 1.05561 1.03294 1.15256 1.24871 1.4104 1.43557 1.52208 1.54518 1.61596 1.6962 1.79575 1.85361 1.98257 2.06767 2.25278 2.39986 2.59759 2.79857 3.3549 3.76861 3.91556 4.21929 5.02016 5.62591 6.52747 7.5088 8.66868 10.3806 12.2544 15.761 19.6358 27.5626 42.3365 79.1323 196.138 
149 0.195516 0.195604 0.198907 0.210966 0.223374 0.228207 0.25398 0.264328 0.275603 0.274994 0.28811 0.29564 0.307516 0.32296 0.324763 0.367486 0.400597 0.434296 0.450051 0.465012 0.476111 0.503465 0.545998 0.558385 0.590381 0.639757 0.669255 0.720142 0.822501 0.870987 0.941772 1.04347 1.10688 1.17877 1.31462 1.49893 1.71768 1.91247 2.23645 2.56982 3.01205 3.43805 4.15274 5.02175 6.33125 8.4721 12.1055 18.8009 38.0272 118.907 
150 0.269684 0.277496 0.313463 0.314671 0.331212 0.338814 0.338053 0.340053 0.351358 0.349268 0.374471 0.394418 0.401732 0.441054 0.484641 0.492548 0.531002 0.569056 0.588762 0.613522 0.640963 0.653349 0.720476 0.743779 0.793335 0.829945 0.898967 0.972401 1.01152 1.09843 1.14511 1.24631 1.38812 1.469 1.62038 1.79775 2.04128 2.27989 2.55731 2.85498 3.34454 4.07537 5.00845 6.21608 7.94371 10.8455 15.2724 24.9007 49.0723 167.439 
151 0.242185 0.25341 0.269343 0.303974 0.306487 0.314076 0.326484 0.323798 0.333528 0.317813 0.319374 0.359148 0.393 0.407581 0.417248 0.410135 0.422966 0.45621 0.509789 0.520289 0.540233 0.636017 0.677034 0.699509 0.71728 0.771227 0.82149 0.833105 0.885199 0.949175 1.08626 1.30581 1.43123 1.58579 1.79332 1.96397 2.10097 2.31537 2.54872 2.96233 3.55779 4.25075 5.04844 6.1406 8.01851 10.8833 15.4252 24.8472 49.1207 163.186 
152 0.266052 0.265858 0.256628 0.264981 0.266788 0.270422 0.30749 0.322564 0.329824 0.349258 0.351624 0.37689 0.380983 0.39505 0.423965 0.448273 0.476501 0.49115 0.509568 0.508611 0.524844 0.577564 0.603363 0.670655 0.711598 0.742578 0.783465 0.812714 0.843353 0.920623 1.01245 1.12075 1.20158 1.2808 1.38006 1.53563 1.67949 1.93128 2.15823 2.48336 2.89292 3.42556 4.20036 5.16893 6.65055 8.82029 12.7095 20.8984 42.1161 144.708 
153 0.290665 0.307292 0.327234 0.336933 0.336854 0.336985 0.336767 0.348007 0.373242 0.410466 0.412853 0.432181 0.438207 0.452736 0.462927 0.492479 0.504939 0.532436 0.531173 0.56693 0.657489 0.697715 0.740748 0.767122 0.80305 0.799923 0.853629 0.952174 1.01618 1.09763 1.25176 1.31743 1.41976 1.50693 1.68884 1.85358 2.04001 2.22552 2.55939 2.92342 3.38989 3.96296 4.76581 6.01098 7.42043 9.9757 14.5081 22.9918 45.4971 152.787 
154 0.159236 0.158092 0.174205 0.177035 0.177625 0.189816 0.192483 0.214296 0.217206 0.230385 0.236951 0.245569 0.251719 0.259314 0.289393 0.291658 0.313828 0.33722 0.350222 0.387824 0.409489 0.418147 0.427239 0.453092 0.481227 0.522326 0.564294 0.590055 0.631992 0.677199 0.737067 0.843122 0.913826 1.00064 1.11115 1.2054 1.36693 1.50966 1.70283 1.96696 2.34897 2.74599 3.28826 4.13652 5.4652 7.41189 10.6456 18.0881 37.3122 133.298 
155 0.261534 0.263379 0.28597 0.294282 0.29427 0.293677 0.298899 0.315809 0.334714 0.351947 0.36658 0.365432 0.409973 0.472299 0.483 0.479704 0.521517 0.543519 0.57899 0.593535 0.651301 0.681082 0.692791 0.69549 0.723913 0.809567 0.872267 0.940883 1.02668 1.10852 1.19565 1.30479 1.46659 1.51821 1.67231 1.88123 2.09024 2.39096 2.71888 3.00001 3.52349 4.30352 5.23834 6.48695 8.2436 11.3991 16.3664 26.4585 51.545 170.518 
156 0.205018 0.208436 0.21524 0.217206 0.222423 0.222023 0.221875 0.22878 0.246061 0.245327 0.282607 0.287405 0.302226 0.308971 0.323204 0.346195 0.357032 0.378122 0.437618 0.458298 0.513931 0.531433 0.564388 0.613612 0.551199 0.589559 0.656526 0.706087 0.766802 0.802977 0.884319 0.955313 1.04233 1.14344 1.21609 1.31057 1.4568 1.67763 1.89408 2.2275 2.69844 3.17931 3.7603 4.68374 6.09102 8.14448 11.9271 19.4383 39.3985 137.549 
157 0.290503 0.289168 0.290607 0.291758 0.308353 0.313186 0.322638 0.350353 0.375167 0.390956 0.409045 0.434026 0.433895 0.428932 0.449507 0.482727 0.511627 0.557636 0.62062 0.627779 0.643111 0.668668 0.713938 0.751352 0.769123 0.839906 0.938663 0.97044 1.03368 1.12501 1.21813 1.28736 1.35269 1.50344 1.6888 1.82981 1.9972 2.23989 2.60548 3.00715 3.47643 4.05816 4.74394 5.99199 7.5396 9.7489 14.4594 22.7963 46.1175 154.627 
158 0.218423 0.217753 0.219083 0.243674 0.253556 0.261204 0.253491 0.286098 0.293005 0.29623 0.317433 0.334242 0.358126 0.367705 0.394812 0.412107 0.436925 0.444783 0.449578 0.474212 0.49962 0.520224 0.539494 0.569871 0.593185 0.64466 0.701841 0.759281 0.851499 0.940825 0.998306 1.11997 1.21966 1.3286 1.44244 1.61353 1.79789 1.97248 2.19406 2.5169 2.95844 3.48755 4.18711 5.33385 6.80321 9.15861 13.5996 21.9172 44.4893 152.766 
159 0.164447 0.169018 0.173508 0.181787 0.197794 0.202659 0.214961 0.223725 0.228544 0.273069 0.273817 0.282532 0.285225 0.288404 0.297993 0.307974 0.352769 0.362468 0.372596 0.377014 0.386548 0.407066 0.466577 0.49571 0.501708 0.541166 0.587898 0.625994 0.69125 0.739066 0.795895 0.842464 0.893378 0.992396 1.05941 1.19386 1.36741 1.57282 1.7912 2.05388 2.4197 2.85701 3.53015 4.37333 5.53638 7.49043 11.2401 18.1829 38.0811 135.041 
160 0.27265 0.27304 0.297506 0.299821 0.313196 0.296274 0.317831 0.350313 0.377456 0.377867 0.411804 0.40905 0.409748 0.445244 0.471939 0.511437 0.521443 0.528613 0.580403 0.595624 0.648261 0.689024 0.700928 0.743247 0.787911 0.842698 0.906187 0.965797 1.01675 1.15306 1.22916 1.32326 1.48518 1.66649 1.86717 2.00915 2.31381 2.54202 2.89059 3.36303 3.8758 4.66889 5.37926 6.77273 8.6326 11.5219 16.5074 26.7516 52.3289 173.532 
161 0.390271 0.423543 0.424384 0.437958 0.445859 0.457916 0.476024 0.521905 0.545327 0.576479 0.56768 0.591919 0.60154 0.615467 0.6388 0.670754 0.708507 0.730808 0.75919 0.814974 0.920367 0.987527 1.03294 1.04539 1.10507 1.14641 1.27251 1.37638 1.45463 1.6317 1.70507 1.85904 2.02596 2.13199 2.35169 2.46728 2.88976 3.21118 3.62988 4.13235 4.85103 5.72795 6.73912 8.41759 10.4029 13.6166 20.175 31.6145 60.6947 189.935 
162 0.252838 0.259864 0.259798 0.266493 0.273956 0.271651 0.30608 0.321765 0.338862 0.354385 0.370346 0.408076 0.418845 0.430736 0.465821 0.499728 0.533708 0.537793 0.565758 0.592394 0.635012 0.65871 0.688945 0.739981 0.769333 0.80429 0.862972 0.912404 0.997635 1.03166 1.13544 1.19038 1.32777 1.44254 1.60146 1.75772 1.94287 2.14826 2.49569 2.86635 3.31232 3.99081 4.8687 6.07527 7.67213 10.2123 14.7333 23.5022 46.6323 158.59 
163 0.199907 0.217334 0.236732 0.243813 0.249748 0.25588 0.247727 0.254182 0.279471 0.283359 0.285876 0.308266 0.336561 0.371331 0.392006 0.406825 0.379243 0.408449 0.450804 0.460562 0.47577 0.517085 0.566312 0.64136 0.653083 0.704833 0.738092 0.790343 0.856961 0.967306 1.05629 1.15589 1.23839 1.31344 1.43617 1.56911 1.80482 1.99144 2.27669 2.63155 3.00989 3.43897 4.1431 5.08727 6.61693 8.80998 13.1116 20.7578 42.2507 145.715 
164 0.26414 0.221195 0.216662 0.216957 0.246653 0.245025 0.257148 0.25192 0.274841 0.278838 0.291812 0.298695 0.321618 0.338937 0.345381 0.356126 0.375484 0.39979 0.409064 0.443932 0.453416 0.471629 0.526531 0.549293 0.576835 0.694384 0.669394 0.76806 0.852057 0.886032 0.948983 1.08432 1.11813 1.22984 1.34401 1.50416 1.6207 1.81272 2.04903 2.34588 2.74466 3.3325 4.07992 5.11348 6.79352 8.8214 12.9975 20.7864 41.2973 143.201 
165 0.205099 0.204426 0.223026 0.227402 0.256535 0.257045 0.289188 0.299432 0.308904 0.317606 0.303606 0.310947 0.326556 0.347371 0.35973 0.34916 0.353015 0.364059 0.39799 0.415905 0.453625 0.512071 0.561436 0.618568 0.713112 0.707076 0.75149 0.767921 0.838205 0.873885 0.942111 1.00521 1.08613 1.15089 1.32231 1.43791 1.65124 1.87337 2.23804 2.51801 2.79298 3.31148 4.16726 5.08924 6.68383 9.19456 13.9719 21.4414 43.9502 151.02 
166 0.203218 0.212035 0.230094 0.222633 0.23392 0.252714 0.278441 0.28336 0.291195 0.30853 0.307446 0.317336 0.352514 0.354136 0.369932 0.390393 0.423612 0.444806 0.461552 0.48012 0.477094 0.5234 0.537867 0.548928 0.588484 0.621721 0.67901 0.744474 0.802755 0.844152 0.885915 0.975768 1.0464 1.13302 1.25948 1.41742 1.57367 1.74823 1.96275 2.29636 2.59517 3.10251 3.87851 5.13149 6.65439 8.735 12.2841 21.0396 41.6601 144.552 
167 0.173973 0.172374 0.183135 0.179059 0.18463 0.18823 0.194539 0.196961 0.19704 0.214752 0.230688 0.245849 0.260607 0.274569 0.288143 0.295304 0.319325 0.332603 0.354234 0.374858 0.400634 0.417106 0.445917 0.462692 0.483051 0.505558 0.530988 0.577555 0.624672 0.683079 0.737198 0.824377 0.898745 0.958975 1.0587 1.20182 1.34401 1.48031 1.70615 2.01962 2.38227 2.87807 3.48896 4.25628 5.54632 7.68747 11.1993 18.8768 38.0136 135.074 
168 0.214244 0.222557 0.223357 0.241859 0.249295 0.248939 0.260727 0.266943 0.286041 0.287129 0.299789 0.311325 0.316017 0.323303 0.34614 0.368845 0.381844 0.421819 0.419195 0.431839 0.453638 0.465803 0.501628 0.549631 0.606277 0.640505 0.66878 0.692974 0.783383 0.863693 0.943834 1.00291 1.04127 1.15115 1.26513 1.4441 1.58453 1.75021 2.01453 2.30018 2.69812 3.22586 3.84229 4.88612 6.32691 8.29621 12.0772 19.7956 39.7762 139.473 
169 0.381286 0.381166 0.388941 0.421832 0.433906 0.452053 0.431662 0.471835 0.52906 0.555506 0.574344 0.592153 0.597946 0.603388 0.630663 0.648141 0.689843 0.770277 0.752974 0.79611 0.81489 0.855014 0.898254 0.986935 1.07479 1.16315 1.20968 1.26613 1.31674 1.43622 1.57133 1.68207 1.84319 2.03511 2.32355 2.57592 2.83205 3.10969 3.55393 3.98361 4.56392 5.32652 6.13199 7.77455 9.5129 12.8017 18.166 29.155 56.8978 174.104 
170 0.253957 0.249381 0.276374 0.293141 0.309928 0.280988 0.281077 0.285987 0.303634 0.3348 0.35952 0.359498 0.380553 0.402029 0.428803 0.46385 0.488769 0.51658 0.531053 0.606002 0.595415 0.673556 0.737996 0.765721 0.810032 0.846189 0.838259 0.900254 1.05922 1.19209 1.26888 1.36817 1.49286 1.60228 1.72395 1.91449 2.11668 2.36381 2.76639 3.16516 3.71154 4.37112 5.12543 6.31746 8.12152 11.1708 16.0087 25.5954 50.3999 166.968 
171 0.36707 0.356908 0.362861 0.360238 0.392254 0.426566 0.42826 0.44563 0.452209 0.443789 0.458104 0.499376 0.507672 0.497182 0.522104 0.550027 0.54958 0.562212 0.622587 0.658818 0.699907 0.783037 0.804169 0.879517 0.969607 1.08535 1.12545 1.18058 1.20931 1.3705 1.46336 1.53422 1.69299 1.84683 2.10325 2.3028 2.63773 2.77639 3.14546 3.50716 4.09542 4.75397 5.63957 6.84989 8.97575 12.0894 17.1619 28.1937 53.8881 175.969 
172 0.270148 0.271375 0.278671 0.27966 0.295462 0.302491 0.345594 0.355707 0.367921 0.375184 0.390232 0.394899 0.45237 0.459165 0.454795 0.49927 0.514446 0.531413 0.566872 0.605551 0.654396 0.685632 0.765871 0.83094 0.868522 0.943708 1.01788 1.05767 1.13925 1.1922 1.29811 1.39729 1.50547 1.67719 1.80662 2.097 2.30619 2.61968 2.9747 3.26221 3.79435 4.54147 5.406 6.61948 8.36148 11.2872 16.042 25.2499 49.196 161.204 
173 0.225622 0.234312 0.246642 0.266476 0.265473 0.26844 0.288094 0.303006 0.308493 0.313907 0.325811 0.351691 0.370394 0.353479 0.365391 0.382231 0.409402 0.408898 0.417497 0.448275 0.47426 0.513095 0.542262 0.58125 0.614972 0.648509 0.697351 0.773793 0.858042 0.905602 0.969487 0.992461 1.09529 1.19583 1.36232 1.49957 1.57248 1.7977 2.01411 2.29277 2.58905 3.17026 3.96538 4.80577 6.19519 8.53729 12.571 20.4209 41.4899 143.039 
174 0.185301 0.226044 0.236281 0.226335 0.249174 0.249147 0.258534 0.275067 0.279814 0.299362 0.30424 0.318678 0.329587 0.33672 0.346896 0.360826 0.380541 0.390627 0.393962 0.417793 0.442621 0.452141 0.545114 0.573276 0.601801 0.626233 0.651967 0.701251 0.74319 0.865139 0.965113 1.02955 1.13259 1.2485 1.39285 1.53013 1.72393 1.95545 2.24764 2.52457 2.94087 3.46269 4.15016 5.08095 6.73452 9.06023 13.0202 21.6539 43.5221 149.092 
175 0.274227 0.19168 0.19913 0.199114 0.205981 0.212966 0.214323 0.215486 0.225182 0.233715 0.23989 0.265899 0.297041 0.306986 0.309772 0.328102 0.348779 0.349763 0.37973 0.398573 0.416516 0.436879 0.471291 0.488442 0.519975 0.534369 0.548978 0.589693 0.673677 0.754182 0.830097 0.911569 1.00076 1.06473 1.14301 1.25857 1.40246 1.55938 1.8327 2.06322 2.50268 2.90119 3.53678 4.50398 5.9588 8.16737 12.0555 20.1133 41.0989 143.059 
176 0.287599 0.300031 0.300077 0.311314 0.312174 0.313569 0.320198 0.342925 0.338408 0.377421 0.401138 0.428272 0.432537 0.481693 0.491117 0.500748 0.517238 0.545055 0.549564 0.588192 0.620545 0.644274 0.695349 0.776708 0.779804 0.784233 0.833862 0.877846 0.980671 1.04102 1.15933 1.30388 1.41233 1.493 1.62326 1.76121 1.97123 2.17339 2.42242 2.92678 3.371 4.00649 4.87845 5.84061 7.68077 10.3129 14.4264 23.2825 46.1137 154.527 
177 0.597756 0.589059 0.644295 0.642057 0.653403 0.705184 0.719791 0.7878 0.817838 0.842573 0.889168 0.922895 0.965747 0.978168 0.984075 0.994319 1.07763 1.16753 1.205 1.25728 1.30676 1.42235 1.50409 1.54432 1.62673 1.73554 1.84632 1.92273 2.07955 2.20034 2.3062 2.47286 2.70869 2.95343 3.31291 3.71128 4.06039 4.45415 5.15321 5.80816 6.64669 7.83689 9.16086 10.9796 13.7835 17.9864 24.7141 38.2992 70.9148 213.372 
178 0.23336 0.244382 0.247008 0.24234 0.24999 0.270292 0.274947 0.280152 0.293318 0.302783 0.310439 0.327861 0.329021 0.364446 0.372597 0.408272 0.425159 0.441066 0.471865 0.492757 0.524795 0.549433 0.560875 0.585869 0.614865 0.638329 0.685402 0.759864 0.774464 0.836668 0.935251 1.02463 1.16679 1.23353 1.36548 1.46389 1.60641 1.77971 1.92956 2.22287 2.75759 3.17641 3.8887 4.82097 6.30983 8.45711 12.1251 20.0344 40.482 141.619 
179 0.172227 0.17611 0.186982 0.19213 0.20052 0.212783 0.232124 0.244106 0.271167 0.27496 0.287291 0.306764 0.325352 0.325947 0.338895 0.355355 0.400849 0.413857 0.410214 0.419284 0.433199 0.461033 0.469441 0.526274 0.567906 0.604267 0.632444 0.685262 0.746195 0.814184 0.884927 0.955761 1.03243 1.14685 1.2636 1.36101 1.53993 1.70675 1.96396 2.29556 2.58938 2.95968 3.48525 4.32721 5.61113 7.52926 11.0949 18.1492 37.0371 128.166 
