surface/epsilon 0.5 0.49 0.48 0.47 0.46 0.45 0.44 0.43 0.42 0.41 0.4 0.39 0.38 0.37 0.36 0.35 0.34 0.33 0.32 0.31 0.3 0.29 0.28 0.27 0.26 0.25 0.24 0.23 0.22 0.21 0.2 0.19 0.18 0.17 0.16 0.15 0.14 0.13 0.12 0.11 0.1 0.09 0.08 0.07 0.06 0.05 0.04 0.03 0.02 0.01 
0 0.183146 0.195406 0.195404 0.197265 0.196622 0.20435 0.209083 0.214465 0.216052 0.226487 0.233527 0.244338 0.255832 0.261673 0.27498 0.282158 0.297594 0.327764 0.364586 0.394534 0.411875 0.427662 0.439754 0.455298 0.513693 0.552336 0.572798 0.618339 0.641632 0.72002 0.79318 0.873268 1.02455 1.12832 1.21374 1.32997 1.51613 1.75286 1.95307 2.30335 2.73597 3.32577 4.09053 5.17229 6.76916 9.35494 14.1662 23.4566 48.3633 172.54 
1 0.221034 0.232737 0.253836 0.270224 0.275844 0.274382 0.274411 0.291735 0.295042 0.34796 0.376023 0.388482 0.412987 0.426626 0.455225 0.494403 0.501065 0.521144 0.549808 0.571131 0.60445 0.623522 0.693171 0.760715 0.813543 0.862947 0.882801 0.954066 1.0235 1.12307 1.22771 1.32855 1.43864 1.5575 1.71184 1.90854 2.14548 2.47499 2.75887 3.30308 3.94696 4.65482 5.63096 7.23214 9.31047 12.6667 18.6102 30.4534 60.9931 206.68 
2 0.187527 0.195797 0.20671 0.212423 0.239459 0.245094 0.257498 0.262144 0.287725 0.308221 0.328635 0.350701 0.367224 0.374185 0.390541 0.405629 0.427249 0.447454 0.461335 0.494562 0.506562 0.550586 0.588515 0.611092 0.637051 0.664442 0.742521 0.785998 0.852361 0.902558 1.00196 1.08569 1.18788 1.31427 1.43831 1.55135 1.76846 2.01358 2.38218 2.75225 3.14589 3.76383 4.60299 5.88652 7.72897 10.4082 15.4529 25.5163 52.1574 182.291 
3 0.565484 0.570721 0.595871 0.626047 0.633771 0.654524 0.683167 0.744968 0.802572 0.834689 0.861312 0.869542 0.900954 0.966308 1.01827 1.04115 1.07713 1.09013 1.13248 1.23268 1.38763 1.434 1.53805 1.6217 1.69448 1.7742 1.83104 1.94491 2.12702 2.37363 2.59946 2.87023 2.92972 3.31313 3.75555 4.22762 4.7182 5.17314 5.80569 6.79009 7.95509 9.45485 11.7182 14.3906 18.2675 25.0113 35.3342 55.5003 105.414 329.298 
4 0.245766 0.269362 0.280344 0.285802 0.285879 0.298325 0.32095 0.331065 0.346549 0.355248 0.381304 0.405994 0.407314 0.43344 0.455348 0.471324 0.494162 0.515884 0.530346 0.55297 0.569039 0.633503 0.65423 0.687158 0.716122 0.762041 0.80661 0.890463 0.924516 1.01901 1.13491 1.21655 1.29971 1.43618 1.55934 1.76511 1.9534 2.20878 2.54273 2.88577 3.37208 4.04522 4.88471 6.23454 8.07119 10.9946 16.1679 26.7591 54.8566 188.902 
5 0.345821 0.345689 0.358648 0.380693 0.396316 0.418936 0.436221 0.458233 0.471156 0.480356 0.534804 0.548843 0.563599 0.588881 0.606882 0.660764 0.667929 0.697749 0.75268 0.764371 0.82296 0.842421 0.862144 0.882961 0.95686 1.06192 1.23346 1.29058 1.44879 1.54838 1.62464 1.71432 1.87543 2.02992 2.24546 2.55234 2.7801 3.24497 3.68707 4.2394 4.84607 5.68321 6.85834 8.52065 11.2931 15.1169 21.7093 35.0566 69.5825 226.299 
6 0.317826 0.317633 0.328834 0.327767 0.352229 0.367553 0.386332 0.399711 0.433037 0.419328 0.448496 0.457625 0.51077 0.536642 0.567973 0.576043 0.599451 0.645303 0.690751 0.757631 0.799837 0.822702 0.824722 0.873908 0.915925 0.951752 1.02133 1.1784 1.28023 1.3536 1.44799 1.5271 1.68491 1.85755 2.16868 2.47239 2.77927 3.14538 3.57138 4.149 4.88006 5.73508 6.8743 8.48005 10.7729 14.634 20.7897 32.9116 64.9261 213.907 
7 0.560278 0.583631 0.586227 0.5958 0.596075 0.598055 0.638201 0.630062 0.660819 0.709302 0.734708 0.807414 0.812951 0.870026 0.905442 1.01085 1.1153 1.14508 1.17467 1.24805 1.36178 1.38655 1.43129 1.5156 1.56582 1.64053 1.70734 1.86079 1.97137 2.15855 2.32714 2.55596 2.74257 2.8889 3.13035 3.37253 3.84346 4.3809 5.04123 5.84254 7.01763 8.08833 9.65522 12.3448 15.8022 21.1093 29.983 47.9557 93.7233 300.842 
8 0.182147 0.181935 0.193989 0.196475 0.207006 0.201801 0.211044 0.217577 0.230713 0.233551 0.245431 0.247218 0.261682 0.273739 0.289504 0.302577 0.327725 0.348786 0.409125 0.441025 0.455954 0.475274 0.499396 0.514144 0.535601 0.562378 0.593955 0.64709 0.690264 0.767583 0.825674 0.953364 1.0514 1.13551 1.25743 1.38564 1.5006 1.69078 1.94622 2.27553 2.77771 3.33394 4.03327 4.9715 6.63012 9.29692 13.4562 22.6843 46.6563 162.212 
9 0.256942 0.275826 0.287902 0.288418 0.291727 0.295813 0.304741 0.303325 0.323727 0.35457 0.356544 0.375333 0.459241 0.489966 0.510661 0.533039 0.525498 0.561285 0.561622 0.586515 0.645453 0.688465 0.71413 0.752161 0.762753 0.90405 0.92376 0.994738 1.08839 1.16779 1.25979 1.43225 1.52653 1.6758 1.75739 1.89751 2.05233 2.4165 2.84747 3.30985 3.78892 4.53836 5.49478 6.7869 8.99243 11.9718 17.7477 28.9206 58.2358 193.489 
10 0.36969 0.404652 0.442153 0.495564 0.497387 0.497325 0.520337 0.513541 0.581483 0.598149 0.64655 0.65958 0.728774 0.797729 0.855968 0.876852 0.849005 0.904914 0.937856 0.937664 1.01095 1.02114 1.04799 1.10213 1.13043 1.31917 1.38633 1.49727 1.57095 1.71151 1.82324 2.00744 2.19883 2.40634 2.63656 2.82254 3.18175 3.63969 4.19842 4.76705 5.723 6.57445 7.9786 9.9728 12.8075 16.5633 24.5037 38.2904 75.6857 244.223 
11 0.213203 0.215346 0.21877 0.239405 0.249204 0.249114 0.26603 0.308911 0.310793 0.334123 0.345254 0.356344 0.364347 0.376821 0.392355 0.395652 0.432226 0.456029 0.460894 0.484235 0.569429 0.619826 0.644646 0.720453 0.829277 0.884812 0.931749 1.00083 1.05813 1.08295 1.22458 1.33849 1.48405 1.64077 1.84525 2.07902 2.28658 2.56765 2.86775 3.30564 3.94215 4.74848 5.75416 7.1647 9.12318 12.7785 18.3333 29.8062 59.7592 201.501 
12 0.565282 0.618489 0.61485 0.623988 0.638644 0.638604 0.695173 0.793672 0.837153 0.891049 0.965055 0.977397 1.03667 1.03725 1.09603 1.11964 1.16313 1.2372 1.29157 1.42362 1.52601 1.59701 1.6384 1.69468 1.8526 1.99182 2.15237 2.36969 2.63607 2.79219 2.97247 3.145 3.45374 3.70338 4.14309 4.49303 5.04011 5.61637 6.30973 7.15595 8.222 9.65922 11.512 13.8121 17.4899 22.8897 33.2451 51.912 103.138 325.303 
13 0.205062 0.214954 0.221391 0.221244 0.222386 0.227078 0.236267 0.258362 0.269111 0.279194 0.286148 0.285784 0.285451 0.295874 0.310171 0.332501 0.35702 0.371631 0.40496 0.418759 0.452294 0.499492 0.540228 0.571921 0.589364 0.639987 0.709612 0.755392 0.802796 0.845024 0.893614 1.02517 1.14554 1.24105 1.34984 1.54645 1.73062 1.94468 2.25419 2.53629 3.03336 3.68496 4.35773 5.45528 7.068 9.73964 14.2297 23.7524 48.5088 171.238 
14 0.282886 0.295685 0.299028 0.288899 0.288776 0.288893 0.335328 0.335243 0.365499 0.374643 0.375573 0.386936 0.431688 0.459625 0.466518 0.474268 0.489539 0.524871 0.569221 0.58514 0.617339 0.700615 0.755107 0.781658 0.844972 0.920928 0.983014 1.06564 1.13431 1.263 1.32905 1.44569 1.61686 1.81952 1.97402 2.19151 2.53695 2.77691 3.12091 3.63605 4.15889 5.07837 6.1232 7.49351 9.54746 12.9827 18.9988 31.1432 61.9369 209.046 
15 0.203379 0.203282 0.203289 0.206286 0.228288 0.237484 0.26324 0.26802 0.274464 0.303833 0.314878 0.350575 0.360929 0.359623 0.362536 0.404791 0.43811 0.449155 0.464111 0.472945 0.518857 0.553885 0.586552 0.621162 0.638324 0.674488 0.705098 0.766734 0.880845 0.960981 1.00108 1.07398 1.19466 1.26506 1.38738 1.52332 1.74831 2.00002 2.28436 2.6603 3.07404 3.68344 4.56049 5.66536 7.30857 9.88058 14.686 24.2328 50.1359 175.601 
16 0.244843 0.26059 0.263738 0.276285 0.28664 0.312128 0.322793 0.337545 0.357222 0.379587 0.384183 0.415966 0.421893 0.455524 0.467522 0.495986 0.518401 0.576195 0.563688 0.605627 0.63437 0.682323 0.727681 0.771983 0.840865 0.867489 0.949712 1.02423 1.09038 1.19544 1.33327 1.45573 1.627 1.7527 1.88183 2.06088 2.41195 2.70316 3.06628 3.58163 4.17682 5.08678 6.15162 7.67487 9.97096 13.2262 19.4865 31.8472 63.3005 211.173 
17 0.384915 0.399668 0.40385 0.400209 0.400211 0.400441 0.426464 0.445771 0.463689 0.472473 0.487861 0.527282 0.596136 0.608531 0.633711 0.64139 0.678815 0.695899 0.731434 0.781977 0.822146 0.858352 0.929052 0.95252 0.97118 1.02434 1.08197 1.16133 1.28242 1.46951 1.66417 1.77589 1.96705 2.10457 2.30089 2.51211 2.77819 3.06514 3.54601 4.11593 4.64618 5.37337 6.3501 7.80809 10.0972 13.383 19.1486 30.8024 60.1343 199.116 
18 0.603577 0.603491 0.603489 0.612763 0.628094 0.670441 0.698682 0.726566 0.758504 0.758431 0.825547 0.890391 0.903491 0.944801 1.02008 1.03545 1.15373 1.19483 1.32691 1.35519 1.41968 1.48188 1.59645 1.68863 1.73511 1.82117 1.98641 2.08345 2.2622 2.54161 2.85828 3.06644 3.35736 3.76621 3.98519 4.32704 4.89433 5.58988 6.42895 7.37658 8.70169 10.3391 12.3844 15.5732 19.6173 26.3416 37.4678 59.3373 112.854 336.332 
19 0.154758 0.156689 0.156628 0.188696 0.215575 0.251011 0.25828 0.269237 0.28179 0.285943 0.301058 0.311167 0.331227 0.331909 0.360734 0.376644 0.384299 0.389798 0.416869 0.431323 0.444299 0.468076 0.524338 0.548073 0.569191 0.593917 0.671408 0.746104 0.798646 0.846836 0.882606 1.01209 1.10332 1.18635 1.35119 1.53779 1.72141 1.92241 2.23377 2.54185 2.97997 3.59268 4.34571 5.3836 7.17958 9.75765 13.9463 21.9319 44.7099 136.988 
20 0.227006 0.240534 0.263424 0.281272 0.291337 0.306211 0.327584 0.338832 0.337658 0.351369 0.363068 0.385867 0.397603 0.423296 0.437487 0.444894 0.453842 0.46724 0.492374 0.534424 0.610995 0.643064 0.687091 0.714751 0.773837 0.843068 0.903854 0.954686 1.01546 1.04388 1.14519 1.27304 1.41247 1.54911 1.68602 1.85646 2.12938 2.35055 2.66014 3.11816 3.58397 4.31574 5.28979 6.58633 8.77891 11.8889 17.3315 28.4229 57.3463 197.097 
21 0.258431 0.264732 0.28315 0.283071 0.3016 0.301444 0.325559 0.337345 0.355366 0.362233 0.375919 0.385338 0.396528 0.39696 0.411583 0.424449 0.459057 0.478133 0.509079 0.553958 0.592005 0.62878 0.664802 0.707243 0.791749 0.882361 0.934633 0.980155 1.04547 1.09718 1.21237 1.36181 1.44787 1.66636 1.86673 2.15161 2.38856 2.69169 3.07153 3.43581 3.97679 4.83555 5.96511 7.29068 9.34545 12.598 18.2601 30.0018 59.5386 201.588 
22 0.185524 0.196387 0.199748 0.214763 0.234515 0.240004 0.249984 0.260582 0.27035 0.272887 0.290415 0.29575 0.319048 0.329344 0.345357 0.346428 0.356638 0.366339 0.397087 0.402883 0.428748 0.443363 0.484555 0.528376 0.577048 0.650019 0.707474 0.781653 0.811411 0.856904 0.918437 0.997447 1.06555 1.18495 1.31412 1.4803 1.71889 1.91513 2.24641 2.53641 2.98235 3.56212 4.33841 5.51975 7.16877 9.62968 14.4328 23.7923 49.3647 175.396 
23 0.495122 0.543463 0.548929 0.550126 0.600522 0.589407 0.61631 0.614505 0.688583 0.710502 0.715169 0.75973 0.810698 0.826238 0.855141 0.909844 0.903456 0.96779 0.997323 1.03955 1.11233 1.16866 1.26099 1.28373 1.35973 1.45783 1.57534 1.67196 1.83994 1.92314 2.0781 2.3227 2.55289 3.00489 3.15824 3.44905 3.82606 4.39376 5.02256 5.78481 6.69219 8.04193 9.72301 11.8462 14.7424 19.6599 27.7463 44.283 85.4 276.042 
24 0.182076 0.18704 0.190303 0.192733 0.206562 0.216326 0.216367 0.216054 0.217447 0.227086 0.246996 0.250068 0.259919 0.265375 0.279336 0.298131 0.320428 0.329771 0.344343 0.389185 0.392984 0.414854 0.437517 0.461811 0.498376 0.533576 0.576944 0.625843 0.656195 0.733096 0.793687 0.874384 1.00154 1.11737 1.2218 1.32434 1.53636 1.75345 2.01414 2.33985 2.74993 3.37731 4.15921 5.28594 6.97838 9.50787 14.2019 23.6824 48.8782 173.857 
25 0.309693 0.331148 0.331149 0.36048 0.383827 0.383822 0.40181 0.401712 0.407838 0.414549 0.425875 0.450556 0.467647 0.478175 0.501551 0.529552 0.550186 0.587409 0.615473 0.651341 0.683929 0.746412 0.78445 0.825976 0.865752 0.901098 0.947718 0.976945 1.07746 1.13018 1.2682 1.40052 1.49846 1.63977 1.85814 2.06604 2.26221 2.53771 2.83385 3.28596 3.88309 4.67371 5.65385 6.87067 8.88655 12.4128 17.6705 29.0478 57.8451 197.365 
26 0.185807 0.198794 0.201136 0.209307 0.214717 0.22553 0.225436 0.229046 0.235206 0.242194 0.26386 0.273737 0.27987 0.289735 0.313057 0.321323 0.33383 0.355024 0.373671 0.416382 0.428791 0.447496 0.483177 0.51049 0.546103 0.58488 0.627988 0.660523 0.696056 0.747263 0.810826 0.879888 0.970323 1.07309 1.22304 1.35784 1.45086 1.66034 1.92133 2.28781 2.72471 3.1819 3.93368 4.88945 6.50373 8.90801 13.0828 22.1235 46.0502 165.586 
27 0.182146 0.209455 0.214846 0.221605 0.236815 0.244301 0.247413 0.252932 0.286376 0.295541 0.294671 0.292017 0.301241 0.318749 0.321895 0.335584 0.340768 0.358662 0.364868 0.383165 0.398268 0.424434 0.466722 0.48594 0.536452 0.58136 0.631059 0.672287 0.696645 0.722601 0.755312 0.8009 0.883443 0.961965 1.07018 1.21631 1.38925 1.57158 1.81516 2.09284 2.44361 2.98049 3.69843 4.58545 6.0533 8.39351 12.5416 20.9549 44.1519 161.203 
28 0.427734 0.440067 0.468422 0.468437 0.470503 0.474673 0.481957 0.49367 0.515316 0.553797 0.595298 0.654236 0.702079 0.709703 0.714589 0.799099 0.836991 0.849916 0.915444 0.989915 1.05854 1.15654 1.22194 1.17155 1.37092 1.45017 1.4654 1.60119 1.78703 1.93411 2.11695 2.29071 2.58748 2.80531 3.10366 3.50325 3.85423 4.49407 5.18147 5.95312 6.99062 8.17331 9.9102 12.3229 16.137 22.0227 31.5761 51.7809 100.74 315.33 
29 0.940068 0.939934 0.939924 0.939803 0.940127 0.945331 1.02845 1.08039 1.16738 1.14212 1.18415 1.19067 1.23786 1.30315 1.33336 1.34713 1.52963 1.55791 1.7136 1.82771 1.92348 2.02735 2.21296 2.29488 2.36592 2.59101 2.6133 2.75774 3.12133 3.33963 3.49694 3.90425 4.13008 4.32261 4.81788 5.2707 5.66553 6.34052 7.02747 7.91639 9.02476 10.6839 12.7276 15.307 19.6068 26.1168 36.2254 56.2461 106.316 313.507 
30 0.292775 0.30792 0.313527 0.332814 0.365588 0.365554 0.376666 0.38597 0.385937 0.435206 0.46694 0.498016 0.500082 0.515781 0.570515 0.616108 0.616241 0.662941 0.736286 0.753988 0.803907 0.864346 0.894503 0.973336 1.00484 1.03442 1.08378 1.16299 1.26038 1.42335 1.49332 1.66932 1.87613 2.05044 2.1915 2.49485 2.86856 3.23432 3.65011 4.16066 4.8404 5.81659 7.03585 8.70115 11.2188 15.1642 21.8672 34.8381 67.7507 221.942 
31 0.255043 0.266197 0.280665 0.295809 0.318672 0.325712 0.329215 0.327988 0.362818 0.373101 0.388148 0.387406 0.424375 0.442845 0.459969 0.487855 0.519278 0.555065 0.576421 0.597441 0.623419 0.661167 0.683111 0.728531 0.788455 0.817893 0.885272 0.963547 1.03494 1.15782 1.22778 1.29396 1.43888 1.51079 1.68199 1.83352 2.02418 2.29156 2.65886 3.06698 3.56974 4.19691 5.11392 6.56708 8.26231 11.1286 16.2713 26.6388 54.211 187.9 
32 0.240462 0.24954 0.270401 0.270454 0.26509 0.275123 0.286913 0.294672 0.304653 0.31058 0.321757 0.325826 0.337419 0.350586 0.410961 0.468921 0.485798 0.492379 0.513423 0.552936 0.568091 0.587894 0.612794 0.620519 0.663997 0.698833 0.741315 0.809984 0.869718 0.945062 1.02135 1.14088 1.22772 1.33974 1.48432 1.61778 1.78008 2.05642 2.31944 2.69435 3.15402 3.79307 4.66386 5.933 7.75014 10.7019 15.9509 26.4174 54.4526 188.687 
33 0.30699 0.303776 0.322797 0.320404 0.332518 0.331604 0.330317 0.344443 0.354173 0.381845 0.407503 0.434309 0.439412 0.451663 0.513809 0.520001 0.534436 0.583427 0.572799 0.59325 0.620182 0.67711 0.693068 0.738396 0.788122 0.856982 0.894741 0.953335 1.00327 1.08907 1.18329 1.2886 1.42772 1.57413 1.72525 1.87544 2.05347 2.35473 2.67862 3.08016 3.56022 4.14155 5.17261 6.40109 8.30678 11.3811 17.0379 28.3375 57.8617 197.38 
34 0.262859 0.215678 0.215593 0.216366 0.239698 0.256135 0.263297 0.274256 0.287068 0.289454 0.31482 0.324527 0.333256 0.354925 0.360334 0.373836 0.40351 0.417015 0.426269 0.457668 0.497732 0.553998 0.571643 0.593682 0.671423 0.711302 0.800501 0.8525 0.909503 1.01127 1.07614 1.17686 1.2605 1.40076 1.57009 1.7907 1.98882 2.25447 2.57505 3.00196 3.50109 4.23371 5.28756 6.70206 8.83024 11.9113 17.4713 29.1991 58.7826 201.085 
35 0.552838 0.573827 0.576833 0.578243 0.60278 0.602628 0.614777 0.631908 0.632753 0.648666 0.725287 0.728958 0.727277 0.748973 0.886095 0.962872 0.991177 1.12799 1.20421 1.33375 1.42427 1.52858 1.57273 1.59123 1.67829 1.8375 1.97862 2.05323 2.29976 2.42756 2.71046 3.02375 3.35418 3.5607 4.26334 4.78579 5.3028 5.82182 6.66938 7.69934 9.03106 10.4865 12.7441 15.5564 20.0772 26.5997 38.029 59.6719 113.583 347.095 
36 0.204808 0.210433 0.218232 0.229758 0.235804 0.235792 0.240703 0.255892 0.264599 0.268844 0.273951 0.278237 0.321453 0.324694 0.334704 0.360566 0.362879 0.383957 0.421194 0.442275 0.45217 0.499934 0.531385 0.557816 0.6119 0.616086 0.663923 0.728075 0.769603 0.827583 0.891481 0.956769 1.06256 1.20273 1.34443 1.47927 1.66955 1.89615 2.10429 2.40834 2.89872 3.543 4.2604 5.29966 6.97989 9.59173 14.3077 23.8306 49.6421 175.455 
37 0.324944 0.355278 0.361767 0.366981 0.389017 0.408413 0.396904 0.396485 0.413834 0.421283 0.465408 0.475393 0.508776 0.543818 0.559086 0.577978 0.609855 0.677128 0.687956 0.732041 0.768438 0.819842 0.8803 0.952956 1.01954 1.10779 1.14074 1.22597 1.31973 1.44139 1.61609 1.72382 1.90857 2.07225 2.31041 2.56801 2.98812 3.3329 3.81059 4.43588 5.40798 6.28783 7.76191 9.56504 12.4169 16.7396 23.9368 37.875 74.0099 242.674 
38 0.231227 0.249615 0.260079 0.264233 0.283098 0.294309 0.295926 0.295831 0.298092 0.310282 0.323889 0.3356 0.362275 0.374246 0.408552 0.426943 0.437488 0.450154 0.478706 0.508269 0.548908 0.595397 0.60977 0.643389 0.723675 0.760172 0.79844 0.858452 0.886439 0.92853 1.00085 1.12936 1.23981 1.35284 1.54252 1.68412 1.89267 2.04708 2.37219 2.71774 3.21276 3.89851 4.69877 5.87806 7.53672 10.5956 15.4762 25.7169 51.9109 179.485 
39 0.359559 0.358318 0.357924 0.386615 0.401005 0.414431 0.456124 0.490234 0.593508 0.624862 0.629611 0.648335 0.645757 0.653963 0.696193 0.741059 0.750474 0.775567 0.82193 0.895183 0.948353 1.03647 1.04617 1.11728 1.18303 1.36427 1.4569 1.55429 1.64651 1.75045 1.90421 2.02977 2.18467 2.46894 2.7237 2.9901 3.22601 3.76507 4.42035 4.97438 5.69276 6.81451 8.19301 10.2302 12.9262 17.5266 25.2512 39.8942 77.8551 242.918 
40 0.555948 0.477209 0.486517 0.492032 0.509549 0.526948 0.550428 0.587444 0.592907 0.59413 0.599206 0.616028 0.702383 0.704251 0.739536 0.806199 0.821392 0.850104 0.918166 0.998581 1.0188 1.12099 1.17917 1.25242 1.28029 1.30091 1.33957 1.54245 1.67771 1.79745 2.0569 2.29381 2.47978 2.71825 3.05902 3.33776 3.7649 4.10913 4.62632 5.58356 6.53061 7.62689 9.24807 11.4646 15.0395 19.7376 28.4997 45.5427 87.8631 273.962 
41 0.333605 0.367436 0.384226 0.388759 0.430261 0.465289 0.468334 0.468097 0.497732 0.51221 0.514015 0.54856 0.558349 0.57644 0.601529 0.69705 0.745301 0.802796 0.869207 0.896301 0.937873 0.982268 0.998118 1.05026 1.10582 1.144 1.2898 1.37284 1.50002 1.63015 1.73812 1.88074 1.9923 2.20614 2.45063 2.68409 2.9415 3.2671 3.71047 4.21705 4.9682 5.8125 7.13493 8.82416 11.1964 15.1191 21.6227 35.4225 70.1606 232.183 
42 0.247673 0.255896 0.261357 0.266985 0.269335 0.271146 0.287503 0.295524 0.311034 0.310656 0.33412 0.389021 0.425272 0.436198 0.452622 0.476098 0.53069 0.555202 0.564997 0.603879 0.631076 0.690248 0.720062 0.757127 0.80893 0.869271 0.930432 0.987254 1.05368 1.17633 1.24074 1.39973 1.49032 1.59842 1.72233 1.94459 2.12606 2.43231 2.83148 3.34283 3.80541 4.58217 5.44554 7.02704 8.86271 12.2723 17.7617 29.2735 58.6171 198.35 
43 0.475586 0.477404 0.48108 0.536181 0.600325 0.618072 0.70305 0.702883 0.718667 0.713482 0.760142 0.802799 0.814337 0.924021 0.964419 1.08662 1.07531 1.16139 1.17637 1.21887 1.32079 1.35764 1.46241 1.51542 1.64217 1.78198 1.87027 1.94863 2.03493 2.17316 2.49077 2.65131 2.90047 3.19945 3.57406 4.11015 4.52573 4.98317 5.52706 6.22427 7.34497 8.61675 10.4808 12.617 16.0959 21.808 30.1905 47.3604 92.1264 288.879 
44 0.232626 0.261073 0.261085 0.277383 0.277699 0.299935 0.310504 0.310562 0.316422 0.350407 0.374205 0.423586 0.440774 0.456568 0.487613 0.491683 0.505616 0.522942 0.527062 0.573257 0.587542 0.613339 0.651736 0.698841 0.804548 0.834441 0.923477 0.977748 1.10427 1.17698 1.27466 1.38699 1.48708 1.60799 1.80193 1.96185 2.27634 2.59844 2.98762 3.43434 3.98939 4.80066 5.86736 7.25621 9.54044 12.7187 18.6125 30.5221 61.6402 207.455 
45 0.249771 0.266622 0.275824 0.288287 0.324097 0.333419 0.336179 0.339988 0.352299 0.372095 0.388258 0.392473 0.421171 0.477857 0.514042 0.527768 0.551794 0.569553 0.594477 0.639577 0.679515 0.709128 0.723149 0.771295 0.811233 0.938226 0.981726 1.0378 1.1824 1.23847 1.32578 1.45756 1.52565 1.62061 1.78905 2.07665 2.4722 2.74365 3.09512 3.57256 4.14845 4.92545 6.18869 7.72904 9.86398 13.732 20.1317 32.6211 65.4392 218.194 
46 0.142106 0.152237 0.162968 0.171191 0.180081 0.183562 0.190229 0.212388 0.223865 0.233105 0.24028 0.251238 0.263212 0.274694 0.294939 0.297184 0.299114 0.299757 0.327215 0.361256 0.38509 0.40123 0.428662 0.46688 0.522829 0.55741 0.618073 0.655703 0.733316 0.777001 0.824091 0.934158 0.985695 1.13121 1.21086 1.40696 1.59922 1.79552 2.10335 2.4069 2.81364 3.3871 4.2486 5.33493 6.9269 9.61899 14.3144 23.7673 49.4805 176.473 
47 0.271885 0.243734 0.243625 0.266861 0.278365 0.282411 0.302742 0.307956 0.31275 0.325401 0.345119 0.373829 0.3821 0.396548 0.441767 0.443134 0.469206 0.515788 0.51458 0.560721 0.568686 0.58705 0.643154 0.669389 0.713198 0.763021 0.836029 0.879471 0.924941 1.02194 1.09948 1.2551 1.36088 1.54634 1.71664 1.84673 2.08527 2.38003 2.76265 3.208 3.78379 4.40984 5.4291 6.65131 8.85203 12.0286 17.67 28.9862 58.3603 200.483 
48 0.287176 0.298737 0.307777 0.314584 0.319833 0.327726 0.338104 0.346433 0.35272 0.377572 0.40414 0.420962 0.425654 0.456944 0.483281 0.485603 0.530861 0.551921 0.566688 0.570256 0.596455 0.633466 0.664555 0.697407 0.739986 0.788877 0.850426 0.93502 0.975442 1.07051 1.10163 1.2446 1.33532 1.459 1.61602 1.81965 2.02278 2.29778 2.60108 2.92638 3.43214 3.98927 4.8746 6.14868 8.036 10.8687 16.0554 26.3139 54.2638 184.289 
49 0.224337 0.224748 0.242626 0.257105 0.275128 0.273812 0.278878 0.284403 0.288779 0.307257 0.324922 0.348791 0.353613 0.364706 0.374628 0.387062 0.420002 0.451209 0.468168 0.491762 0.505975 0.521651 0.529773 0.560601 0.617489 0.678522 0.696927 0.76356 0.839261 0.884613 0.971019 1.0473 1.13425 1.25133 1.39187 1.57731 1.71357 1.9468 2.2422 2.59183 3.07175 3.69713 4.44869 5.60873 7.37856 10.1756 14.9485 24.6128 50.5551 175.387 
50 0.245974 0.261098 0.267609 0.273625 0.277704 0.281014 0.280914 0.295162 0.306877 0.313579 0.309907 0.335132 0.35939 0.356666 0.369831 0.371323 0.407418 0.436991 0.458754 0.471753 0.52122 0.540201 0.64124 0.685151 0.710054 0.777087 0.847906 0.903129 0.924814 0.995112 1.0774 1.18463 1.33948 1.60192 1.80399 1.97177 2.23109 2.52172 2.73195 3.15353 3.73507 4.62108 5.77652 7.23084 9.1648 12.7373 18.5478 30.3245 61.7256 209.104 
51 0.456312 0.460996 0.499745 0.505064 0.519368 0.503939 0.538863 0.563935 0.580035 0.622617 0.627365 0.630696 0.636898 0.694892 0.696987 0.771473 0.809767 0.850332 0.860875 0.888809 0.911582 0.924973 0.958048 1.00642 1.02922 1.12989 1.23072 1.33403 1.36961 1.5346 1.5851 1.73762 1.86634 2.05956 2.31681 2.54685 2.713 3.04643 3.40706 3.87074 4.58336 5.34258 6.6217 8.41392 10.641 14.5538 21.475 34.9566 68.8406 230.152 
52 0.28311 0.286346 0.290522 0.296685 0.295104 0.29699 0.310003 0.348616 0.37733 0.386544 0.448196 0.4646 0.475108 0.496792 0.516625 0.536934 0.535695 0.581983 0.645669 0.669189 0.681292 0.714378 0.773683 0.829236 0.850609 0.918766 0.959573 1.00034 1.04447 1.19281 1.32526 1.49329 1.59422 1.72798 1.92414 2.09732 2.34634 2.62482 3.12902 3.59873 4.17158 4.97679 6.06822 7.81092 10.2101 13.7298 20.098 32.9857 65.9333 219.701 
53 0.291265 0.308856 0.325776 0.324558 0.331846 0.356793 0.37085 0.371053 0.370571 0.393529 0.403699 0.422869 0.448945 0.470884 0.541277 0.571378 0.619275 0.630592 0.691035 0.713574 0.730538 0.761418 0.779673 0.801678 0.859212 0.918066 0.974602 1.05575 1.09393 1.21544 1.34481 1.49279 1.59847 1.68324 1.86869 2.10765 2.33544 2.54353 2.94132 3.52638 4.03873 4.74999 5.71158 7.16336 9.48591 13.0546 19.0748 31.2228 63.0593 213.634 
54 0.925381 0.954753 1.00439 1.0043 1.08179 1.14297 1.16243 1.20906 1.27668 1.22756 1.30608 1.33983 1.39667 1.48107 1.62393 1.65885 1.69635 1.7614 1.86819 1.91706 2.05092 2.23115 2.29513 2.38578 2.53651 2.68347 2.99366 3.15664 3.22783 3.36116 3.67669 3.82777 4.27851 4.74956 5.22981 5.79694 6.47383 7.08439 7.7575 9.14077 11.0742 13.0448 15.2287 17.9747 22.5606 30.8052 41.9101 65.0399 122.719 367.602 
55 0.246835 0.259211 0.260701 0.294372 0.312184 0.336672 0.336584 0.366914 0.361982 0.378655 0.386689 0.409781 0.440139 0.45678 0.468536 0.507926 0.548491 0.57375 0.593884 0.607917 0.665984 0.734172 0.770824 0.817303 0.875577 0.926537 1.05538 1.13716 1.16966 1.28015 1.39063 1.53762 1.58765 1.74686 1.92472 2.19339 2.48251 2.78811 3.09785 3.65397 4.26828 5.06942 6.32295 7.9176 10.2679 13.8437 19.8093 32.1353 63.4944 213.774 
56 0.351235 0.363626 0.366218 0.398607 0.428733 0.463224 0.479545 0.490685 0.498319 0.521785 0.551097 0.560929 0.555836 0.595067 0.627757 0.672269 0.694174 0.739839 0.764128 0.803756 0.82498 0.878842 0.966122 0.993171 1.0473 1.12375 1.17088 1.36 1.48475 1.54667 1.61264 1.73075 1.92086 2.13691 2.40951 2.63413 2.93038 3.2782 3.71523 4.1655 4.69342 5.62265 6.72525 8.22251 10.5001 14.0477 20.2234 32.1246 63.4071 207.636 
57 0.206561 0.209214 0.211153 0.217189 0.224056 0.22959 0.262307 0.261796 0.276271 0.280179 0.280234 0.283239 0.301758 0.324418 0.341855 0.367679 0.384358 0.392212 0.416603 0.449164 0.490493 0.506677 0.512065 0.585694 0.615359 0.657557 0.700228 0.737365 0.800556 0.872387 0.947304 1.06913 1.21859 1.30681 1.49127 1.67033 1.89642 2.07538 2.32031 2.73479 3.2833 3.8483 4.63585 5.78512 7.52657 10.2955 14.9072 24.8183 50.0479 173.313 
58 0.263716 0.276093 0.307199 0.32586 0.349928 0.348038 0.381764 0.399561 0.427023 0.45579 0.470995 0.505984 0.512257 0.522559 0.560859 0.591924 0.660471 0.678518 0.707417 0.729534 0.782713 0.83793 0.893277 0.946208 0.976567 1.03087 1.17442 1.27773 1.37028 1.51421 1.62869 1.82823 1.96825 2.12454 2.30978 2.56591 2.8704 3.2372 3.79766 4.49932 5.07859 5.97313 7.31226 8.89248 11.6258 15.0615 21.7127 35.0618 69.7487 229.153 
59 0.441309 0.458368 0.464668 0.464448 0.470519 0.504618 0.507653 0.564154 0.562567 0.595711 0.625751 0.632267 0.63227 0.670743 0.754032 0.764651 0.795216 0.803971 0.8562 0.886847 0.927103 0.985609 1.04286 1.10568 1.18822 1.23773 1.27723 1.36208 1.48029 1.60626 1.69208 1.77809 1.92588 2.0679 2.2865 2.56047 2.85995 3.12779 3.51235 4.13534 4.82017 5.72157 6.92943 8.41497 10.9606 14.3407 19.3294 31.023 54.675 169.278 
60 0.252948 0.256685 0.261741 0.274081 0.277741 0.296198 0.316281 0.319441 0.332053 0.354038 0.359088 0.373165 0.404138 0.41948 0.412403 0.440293 0.465422 0.505025 0.508195 0.536771 0.545697 0.582648 0.614848 0.659703 0.686705 0.788622 0.82629 0.920184 0.941892 1.04571 1.15745 1.242 1.31721 1.47899 1.58712 1.79382 1.99584 2.23763 2.49897 2.95626 3.35017 3.95985 4.90651 6.12764 7.91597 10.5874 15.3868 25.3401 52.1141 181.522 
61 0.240545 0.209183 0.215591 0.224007 0.239212 0.2644 0.294764 0.305945 0.297983 0.306206 0.316397 0.337805 0.34866 0.372378 0.391177 0.393085 0.396782 0.412385 0.451215 0.466077 0.491478 0.535785 0.563037 0.595624 0.635242 0.685164 0.744762 0.822514 0.887602 0.90251 0.963959 1.05763 1.17937 1.31753 1.46928 1.62387 1.88549 2.07051 2.39425 2.80592 3.24192 3.97079 4.92838 6.03059 8.04201 10.9686 16.3399 26.8902 53.981 187.292 
62 0.173748 0.189639 0.195804 0.209072 0.215792 0.224067 0.239251 0.239605 0.254271 0.263674 0.269866 0.273724 0.288385 0.308172 0.316072 0.322694 0.350144 0.369992 0.386648 0.402322 0.428599 0.445183 0.466659 0.496518 0.545027 0.572421 0.593752 0.651093 0.711244 0.754623 0.833371 0.907137 0.98375 1.08959 1.19785 1.37622 1.52607 1.71971 1.92655 2.24854 2.72992 3.14373 3.9035 4.92868 6.55548 8.9167 13.1514 21.9646 45.6207 163.338 
63 0.375744 0.377174 0.414315 0.432702 0.434166 0.449843 0.448743 0.459158 0.460967 0.477831 0.541701 0.598953 0.594673 0.655055 0.713153 0.769114 0.804594 0.851726 0.878248 0.892189 0.914437 0.980773 1.06971 1.09746 1.17052 1.23915 1.32881 1.44696 1.53357 1.75781 1.88299 2.09284 2.30347 2.4045 2.59831 2.8434 3.05717 3.42631 4.01099 4.65659 5.31762 6.12434 7.39194 8.98998 11.6057 15.5217 22.0456 35.0987 69.3504 226.766 
64 0.329776 0.33967 0.35174 0.356588 0.371754 0.379566 0.411683 0.457096 0.471895 0.477044 0.485389 0.514797 0.543014 0.592522 0.615374 0.665883 0.681763 0.696591 0.737911 0.780046 0.866256 0.945236 0.988027 1.08223 1.1118 1.14999 1.23039 1.40524 1.43309 1.52307 1.71783 1.88112 2.00161 2.17528 2.48288 2.72849 3.02184 3.38063 3.80057 4.29809 5.13127 6.13105 7.33723 8.98449 11.4377 15.4224 21.7012 34.8093 68.0134 222.356 
65 0.986798 1.03234 1.06438 1.08453 1.11855 1.15525 1.21974 1.22505 1.24022 1.29083 1.4714 1.51077 1.50752 1.5395 1.70712 1.74334 1.8473 1.90308 1.9604 1.97773 2.02032 2.05588 2.20329 2.40672 2.66077 2.94033 3.19581 3.33269 3.61539 3.77707 4.04928 4.47412 4.80826 5.06816 5.46453 6.04419 6.79458 7.84774 9.03346 10.3573 12.0708 14.2007 17.4463 21.3032 26.8614 35.372 49.5728 77.5906 144.48 429.572 
66 0.262063 0.262017 0.275884 0.287488 0.310861 0.326124 0.329766 0.341762 0.367256 0.387744 0.418356 0.428704 0.438283 0.460358 0.467799 0.516408 0.515478 0.569692 0.587414 0.603821 0.659646 0.693668 0.731622 0.748867 0.82788 0.879648 0.910179 0.999524 1.13324 1.22731 1.29183 1.42868 1.50626 1.64891 1.78321 1.97351 2.22755 2.50381 2.97703 3.34381 3.81483 4.43482 5.42598 6.89204 8.89387 11.7198 17.4817 28.1276 57.5881 195.911 
67 0.311615 0.315233 0.347969 0.353318 0.369672 0.378788 0.380825 0.422361 0.470991 0.503497 0.535302 0.55455 0.566863 0.574368 0.625063 0.637168 0.640632 0.691047 0.750675 0.825182 0.838658 0.869734 0.968978 1.08701 1.17943 1.2645 1.37844 1.4798 1.53113 1.64099 1.75839 1.90541 2.05364 2.20031 2.463 2.80434 3.15067 3.51936 3.87095 4.49083 5.11611 6.10522 7.44569 9.09688 11.4988 15.7015 22.0881 35.4816 71.1716 232.069 
68 0.184039 0.189182 0.189124 0.204318 0.211998 0.214368 0.219317 0.233074 0.249054 0.259294 0.265994 0.283802 0.297132 0.305213 0.322188 0.320976 0.322345 0.344675 0.353724 0.377994 0.400468 0.404483 0.442067 0.47111 0.505126 0.531903 0.597367 0.627127 0.700303 0.742892 0.820473 0.88203 0.968952 1.05571 1.19394 1.32628 1.5153 1.67337 2.01748 2.3055 2.692 3.28568 4.02561 5.06046 6.50597 9.19854 13.2604 21.9538 45.2706 161.09 
69 0.22469 0.233825 0.235208 0.237329 0.248007 0.258491 0.273426 0.312673 0.330012 0.329323 0.344437 0.337625 0.358605 0.385302 0.391937 0.419975 0.439025 0.44926 0.461664 0.4831 0.506756 0.558147 0.593643 0.635165 0.692225 0.720471 0.783031 0.808822 0.925994 1.03071 1.10736 1.21564 1.32769 1.39389 1.50136 1.67319 1.84598 2.09668 2.41921 2.83252 3.22739 3.9363 4.76201 5.77854 7.48052 10.3504 15.4202 25.2022 51.8728 165.75 
70 0.497953 0.44518 0.445083 0.475257 0.472996 0.490125 0.489476 0.555147 0.580933 0.594683 0.62203 0.650639 0.662869 0.705171 0.796167 0.826615 0.865668 0.942704 0.999084 1.02143 1.04201 1.07273 1.09641 1.18323 1.33027 1.38236 1.47782 1.5702 1.84219 1.96208 2.13865 2.32402 2.58446 2.75252 2.98679 3.30542 3.74943 4.2626 4.91564 5.73293 6.9761 7.65175 9.00909 11.3018 14.625 19.0177 27.5211 43.3616 84.536 267.18 
71 0.164721 0.175048 0.187413 0.192068 0.192145 0.207623 0.223172 0.236978 0.243309 0.265125 0.286439 0.293489 0.298417 0.308712 0.307417 0.318679 0.355869 0.37178 0.406009 0.424792 0.452575 0.474245 0.506606 0.530306 0.574094 0.614065 0.654204 0.689293 0.743701 0.828767 0.905386 0.975665 1.05666 1.19803 1.37438 1.54278 1.77018 1.99469 2.26305 2.58792 3.0648 3.70963 4.49781 5.65879 7.37485 10.1329 15.0252 25.3252 51.5969 181.737 
72 0.206123 0.217183 0.217075 0.230636 0.240842 0.259317 0.263355 0.287734 0.310034 0.309625 0.319411 0.337237 0.345656 0.367339 0.389298 0.402851 0.418819 0.428539 0.444122 0.460554 0.486958 0.507327 0.558352 0.622634 0.681469 0.70685 0.746542 0.808013 0.909222 0.972814 1.06281 1.14541 1.23556 1.37075 1.55829 1.71522 2.00369 2.27316 2.60159 3.00058 3.45865 4.09228 5.03331 6.34224 8.24669 11.3193 16.539 27.252 54.982 187.026 
73 0.19639 0.19618 0.202125 0.210618 0.2157 0.222319 0.253994 0.273384 0.275722 0.282637 0.294604 0.31599 0.340942 0.341407 0.362299 0.376474 0.382062 0.40932 0.436545 0.445021 0.482055 0.503595 0.519522 0.538532 0.577704 0.634931 0.69541 0.745673 0.815106 0.862102 0.925882 0.994686 1.10918 1.17486 1.26679 1.40507 1.56773 1.84384 2.1249 2.45269 2.86378 3.31651 4.14809 5.23342 6.79162 9.34015 14.1426 23.5615 49.3636 174.812 
74 0.28846 0.297088 0.297777 0.300926 0.300977 0.308231 0.307889 0.319271 0.333976 0.366743 0.366066 0.381841 0.392705 0.418428 0.430863 0.455101 0.471479 0.497597 0.556928 0.5831 0.594038 0.62531 0.657841 0.686603 0.723827 0.75474 0.807791 0.839483 0.929786 0.994242 1.07649 1.19109 1.30259 1.41544 1.59577 1.72676 1.94108 2.17872 2.54418 2.96886 3.53703 4.18227 5.07114 6.30679 8.2777 11.0961 16.2553 27.1009 54.963 187.829 
75 0.202221 0.202 0.206469 0.219051 0.219017 0.228616 0.231191 0.230879 0.248494 0.261902 0.271385 0.277287 0.282799 0.290719 0.318982 0.343564 0.367238 0.386788 0.426662 0.441933 0.452641 0.470939 0.484254 0.504331 0.528573 0.564212 0.570134 0.638972 0.679361 0.759205 0.849014 0.926563 1.02207 1.12057 1.23362 1.37432 1.53584 1.78379 2.05058 2.37092 2.86592 3.46237 4.13588 5.23893 6.8695 9.40488 13.565 23.1552 47.6392 169.751 
76 0.220255 0.220057 0.220058 0.253833 0.278476 0.286406 0.310573 0.308167 0.318287 0.334097 0.367267 0.376778 0.387974 0.403041 0.422605 0.466792 0.473413 0.492141 0.502419 0.535561 0.561862 0.638917 0.661435 0.749286 0.76651 0.818381 0.915211 0.978517 1.03765 1.07751 1.15698 1.25921 1.33179 1.48084 1.6389 1.82759 1.99914 2.44894 2.97912 3.36885 3.76227 4.47575 5.49242 6.99214 9.0434 12.1027 17.9744 28.8386 57.967 194.806 
77 0.216924 0.220823 0.220447 0.223238 0.22728 0.246799 0.260259 0.260287 0.268611 0.273196 0.27979 0.27859 0.300751 0.316839 0.328949 0.344938 0.374053 0.399298 0.421917 0.416881 0.453058 0.465231 0.50088 0.524406 0.55663 0.573441 0.606162 0.647753 0.722105 0.786865 0.850062 0.892299 0.987987 1.10922 1.19875 1.32265 1.46119 1.67128 1.87049 2.17412 2.56361 3.09364 3.79495 4.76201 6.1331 8.505 12.6237 20.8727 44.0071 158.864 
78 0.174844 0.178047 0.193564 0.211082 0.214931 0.234577 0.245701 0.261389 0.267639 0.280619 0.301963 0.312541 0.323228 0.334251 0.333064 0.349374 0.361842 0.368431 0.391685 0.39921 0.42167 0.454007 0.473558 0.504136 0.553671 0.586058 0.658026 0.720304 0.748674 0.804389 0.865434 0.906263 1.01272 1.0986 1.25506 1.37911 1.57785 1.79627 2.0199 2.3582 2.77562 3.3541 4.15086 5.32267 6.80601 9.56465 14.0673 23.4374 48.4005 171.25 
79 0.232664 0.238938 0.248761 0.254701 0.282062 0.29159 0.299808 0.297725 0.315228 0.315285 0.327648 0.329331 0.348619 0.388283 0.38023 0.402355 0.442694 0.463911 0.46547 0.492605 0.53895 0.566803 0.610946 0.67298 0.698604 0.740087 0.784458 0.850678 0.932498 1.03597 1.09493 1.20663 1.30785 1.48196 1.60688 1.79068 2.06442 2.31655 2.65695 3.05152 3.55716 4.32532 5.28682 6.64655 8.55478 11.554 17.0749 27.8751 56.489 194.876 
80 0.255742 0.259546 0.280837 0.311363 0.319149 0.319566 0.327213 0.332208 0.34111 0.35786 0.412293 0.446137 0.454357 0.497867 0.495567 0.49889 0.509119 0.560274 0.580089 0.665591 0.681037 0.699465 0.74986 0.815733 0.86689 0.888481 0.930713 1.00141 1.12499 1.24103 1.38103 1.52026 1.63352 1.82276 1.99576 2.15513 2.40729 2.74472 3.10799 3.53009 4.09523 4.81505 5.9337 7.52323 9.39849 12.6525 18.5053 30.0171 59.9064 199.633 
81 0.282121 0.28101 0.280999 0.287079 0.320769 0.322546 0.335459 0.33743 0.360405 0.364812 0.393692 0.398153 0.406886 0.430035 0.486599 0.552272 0.596696 0.603577 0.641298 0.674618 0.723222 0.762907 0.791305 0.808034 0.867164 0.905335 0.9572 1.0145 1.11146 1.18462 1.28834 1.36019 1.56272 1.67904 1.83992 1.98556 2.19854 2.4963 2.86084 3.36958 3.84003 4.60861 5.51667 6.76576 8.82859 11.947 17.245 28.2565 56.2246 191.515 
82 0.539183 0.539161 0.560821 0.579365 0.622072 0.635867 0.659001 0.660879 0.661161 0.663132 0.70486 0.777868 0.777976 0.80903 0.86755 0.905857 0.959852 1.01286 1.04729 1.11946 1.19175 1.30547 1.36675 1.47105 1.73609 1.83382 1.90311 2.01195 2.15329 2.30298 2.41878 2.52834 2.80661 3.18573 3.50431 4.02752 4.64389 5.37268 6.04596 6.92202 7.87814 9.01307 11.176 14.3221 18.3949 25.021 35.6875 57.2039 110.028 342.809 
83 0.383445 0.383296 0.383551 0.414522 0.417779 0.437478 0.427464 0.45154 0.472198 0.483866 0.497735 0.521646 0.541864 0.600875 0.638111 0.661176 0.671599 0.714415 0.799215 0.808067 0.85164 0.974764 1.03532 1.11062 1.18536 1.25756 1.31664 1.36046 1.4795 1.5649 1.73846 1.79855 1.99956 2.25437 2.44989 2.69452 3.05051 3.39174 3.91415 4.46088 5.27188 6.54921 7.85339 9.79039 12.6002 17.034 24.378 39.5251 77.5897 249.549 
84 0.211691 0.211464 0.214614 0.232678 0.237957 0.24191 0.241853 0.258038 0.27087 0.293783 0.297486 0.306234 0.319726 0.346641 0.361429 0.376838 0.425041 0.446208 0.474263 0.512692 0.545955 0.560345 0.600107 0.619595 0.690774 0.739531 0.772571 0.808121 0.891622 0.946141 1.04681 1.14627 1.24599 1.36086 1.50842 1.68044 1.85225 2.17175 2.4535 2.8899 3.40867 4.17212 5.15758 6.46208 8.34199 11.5311 16.9375 28.0424 56.5054 194.868 
85 0.205871 0.211558 0.214644 0.223888 0.225565 0.239042 0.240207 0.267181 0.286972 0.307476 0.320101 0.341717 0.352726 0.398128 0.442316 0.454278 0.455486 0.484298 0.492621 0.515132 0.550015 0.570685 0.588415 0.620458 0.659001 0.71562 0.768492 0.81952 0.92908 0.9959 1.07421 1.19133 1.2773 1.36752 1.52224 1.67968 1.84891 2.1748 2.50192 2.89251 3.25301 3.87444 4.78118 5.94115 7.73122 10.3704 15.4198 25.3524 51.8334 179.632 
86 0.46601 0.485091 0.474586 0.515881 0.533052 0.593721 0.594305 0.648831 0.679952 0.677192 0.690002 0.761391 0.793674 0.842195 0.866589 0.91657 1.02689 1.04891 1.1183 1.17608 1.21443 1.25444 1.38217 1.48064 1.63422 1.80156 1.91678 1.99629 2.10788 2.44223 2.64108 3.01565 3.3974 3.6359 3.88522 4.44292 4.90921 5.63009 6.18679 7.29613 8.63467 9.78988 11.4663 14.3778 18.372 24.675 34.7088 55.6359 107.707 334.939 
87 0.142647 0.163619 0.167358 0.171756 0.175612 0.183649 0.198937 0.201057 0.205501 0.207011 0.215426 0.227023 0.233721 0.242426 0.252196 0.274903 0.2967 0.313318 0.325303 0.344454 0.35323 0.377419 0.407615 0.453101 0.50012 0.547872 0.560284 0.593522 0.637272 0.686329 0.731428 0.797478 0.909251 1.00272 1.11764 1.29992 1.54234 1.67387 1.90227 2.29015 2.70995 3.35158 4.15379 5.15878 6.65014 9.37907 13.7944 23.3375 48.0727 171.44 
88 0.254346 0.267243 0.26858 0.271849 0.300903 0.31139 0.32762 0.339431 0.346187 0.378759 0.378806 0.404044 0.420118 0.424162 0.460526 0.48323 0.497971 0.530011 0.554466 0.63603 0.631149 0.677108 0.719207 0.773826 0.8065 0.86045 0.919927 0.973795 1.07306 1.1943 1.29563 1.40384 1.55161 1.77309 1.97958 2.15438 2.36757 2.75648 3.08873 3.61557 4.30232 5.18362 6.30815 7.89199 10.1013 13.7674 19.9007 32.1093 64.5094 215.941 
89 0.581736 0.602925 0.623862 0.623548 0.623405 0.643059 0.690274 0.717485 0.744726 0.800845 0.851575 0.930265 0.953293 1.00791 1.0356 1.05819 1.10416 1.18273 1.29031 1.35581 1.45424 1.62349 1.76232 1.84222 1.99216 2.13052 2.19583 2.30398 2.50476 2.6716 2.8393 3.02358 3.30715 3.80745 4.03347 4.55181 4.84428 5.29673 5.92487 6.7129 7.75757 9.5084 11.2499 13.349 15.6415 20.9554 29.5974 41.2804 77.1207 235.666 
90 0.268511 0.272272 0.27226 0.312608 0.312544 0.334411 0.35274 0.352609 0.352695 0.384932 0.412764 0.453658 0.479243 0.493148 0.525255 0.553337 0.557258 0.582877 0.592277 0.616969 0.6368 0.655632 0.695697 0.76954 0.855486 0.908968 0.987044 1.06043 1.18215 1.27834 1.3552 1.48624 1.61899 1.73953 1.88973 2.1299 2.34767 2.73704 3.28066 3.80279 4.43282 5.15405 6.25862 7.92879 10.3784 13.7752 20.3239 32.5211 65.7621 218.272 
91 0.271938 0.278809 0.302353 0.309991 0.321774 0.353123 0.400834 0.443098 0.459951 0.473698 0.474037 0.504349 0.508926 0.524739 0.532556 0.556185 0.576214 0.625102 0.665281 0.689321 0.704219 0.728832 0.778425 0.835397 0.925814 0.997135 1.05748 1.13265 1.23671 1.33085 1.49575 1.61272 1.73419 1.91381 2.1464 2.47412 2.71745 3.0341 3.43766 4.00837 4.70027 5.52177 6.77501 8.43055 10.7365 14.5389 21.1914 33.802 66.8827 219.622 
92 0.347236 0.315359 0.326256 0.332061 0.367458 0.381559 0.386815 0.400456 0.400471 0.398384 0.41395 0.413507 0.465739 0.511182 0.515475 0.526269 0.551317 0.59395 0.649573 0.684999 0.743941 0.82218 0.838892 0.896345 0.945985 1.03433 1.07813 1.17195 1.29169 1.37184 1.49169 1.64708 1.77857 1.98712 2.19785 2.42611 2.79187 3.22368 3.73345 4.26132 4.87141 5.82779 7.18079 8.99144 11.4316 15.3571 22.5399 35.9651 71.2156 230.225 
93 0.486683 0.406843 0.429917 0.449286 0.441918 0.487939 0.492828 0.537482 0.552646 0.556827 0.596197 0.621195 0.642713 0.664956 0.688764 0.732586 0.800879 0.80885 0.8855 0.953567 0.976244 1.00302 1.01945 1.11932 1.15786 1.22759 1.32881 1.5437 1.64426 1.7412 1.8379 2.07095 2.27663 2.5844 2.72805 3.09422 3.31251 3.80637 4.52585 5.46971 6.25977 7.35791 9.09563 11.4577 14.7528 20.1475 29.1594 46.8675 91.3365 289.627 
94 0.345542 0.352181 0.390125 0.393887 0.393794 0.40031 0.406966 0.435928 0.487206 0.50482 0.517154 0.547313 0.567506 0.583229 0.618803 0.63312 0.638897 0.69358 0.743996 0.810048 0.831586 0.849477 0.884231 0.93594 1.02054 1.13389 1.15397 1.23408 1.31932 1.38757 1.48769 1.69696 1.82556 1.91985 2.05849 2.23447 2.64204 2.9626 3.28645 3.74403 4.51644 5.25628 6.37873 7.8932 10.3 13.5613 19.7413 31.8637 63.489 210.288 
95 0.459175 0.470911 0.486267 0.515146 0.520834 0.554259 0.56091 0.56277 0.605493 0.630921 0.646091 0.65344 0.732533 0.762193 0.793297 0.803472 0.831428 0.906629 0.943105 0.985783 1.05724 1.10269 1.23402 1.32532 1.45509 1.488 1.60998 1.64106 1.81547 1.93244 2.06664 2.32416 2.6178 2.90026 3.19574 3.5459 3.95498 4.49564 5.16583 5.81773 6.66576 8.08686 9.74566 11.947 15.4034 20.8574 30.4868 48.3528 94.3287 299.122 
96 0.259882 0.288915 0.295676 0.352078 0.365911 0.381942 0.385212 0.397711 0.457132 0.49195 0.498401 0.508441 0.519127 0.548528 0.59739 0.599017 0.63303 0.637944 0.654102 0.722459 0.764597 0.840191 0.920454 0.944261 0.980365 1.03421 1.1842 1.22242 1.29396 1.35738 1.49839 1.62332 1.82421 1.94681 2.13483 2.35162 2.66558 3.01596 3.50963 4.03487 4.75476 5.57142 6.77653 8.40679 10.7942 14.6359 21.1561 34.2024 68.3766 223.808 
97 0.260182 0.26917 0.273209 0.288847 0.313134 0.350293 0.374362 0.385568 0.385528 0.38599 0.400272 0.40784 0.445757 0.467721 0.484684 0.49393 0.498175 0.539621 0.563142 0.604355 0.615085 0.6801 0.727321 0.796961 0.863463 0.943314 1.01877 1.08581 1.16202 1.2873 1.37972 1.4784 1.66277 1.81843 2.04275 2.32296 2.58612 2.92437 3.30063 3.89438 4.46215 5.39774 6.53812 8.1678 10.2629 13.8575 20.2036 32.896 65.002 215.23 
98 0.19627 0.199365 0.20157 0.208417 0.235067 0.252439 0.274177 0.283672 0.305681 0.319677 0.340656 0.352958 0.360791 0.360624 0.361902 0.396472 0.407579 0.4388 0.471336 0.501321 0.503535 0.54918 0.57751 0.612585 0.639564 0.687695 0.736964 0.805864 0.842639 0.91217 0.991394 1.11555 1.16744 1.27414 1.41696 1.56838 1.78704 1.99915 2.26869 2.59416 3.04643 3.62914 4.3959 5.57483 7.11046 9.80256 14.3651 23.7484 48.7118 170.627 
99 0.214219 0.236173 0.2362 0.236132 0.245773 0.254598 0.261938 0.261909 0.276132 0.28761 0.312322 0.308876 0.339447 0.354647 0.374193 0.395394 0.416471 0.420925 0.443516 0.450929 0.470568 0.496501 0.519266 0.555003 0.596045 0.660143 0.69925 0.72036 0.791263 0.861545 0.929533 1.06327 1.12495 1.24639 1.38604 1.4934 1.68066 1.84263 2.16308 2.49269 2.92188 3.36912 4.0944 5.1036 6.69944 9.11576 13.5423 22.2378 43.4739 134.424 
100 0.265421 0.269195 0.273912 0.27193 0.27954 0.286514 0.311016 0.32332 0.322384 0.356575 0.376656 0.382391 0.397652 0.42288 0.450344 0.470478 0.469556 0.481724 0.515125 0.583353 0.58386 0.62394 0.65081 0.701467 0.722054 0.768866 0.819342 0.894762 0.95108 1.00702 1.08906 1.16393 1.26969 1.40588 1.60305 1.77743 1.97604 2.20822 2.51139 2.89129 3.41167 4.0758 5.00174 6.11668 8.00724 11.0834 15.9661 26.0993 53.0141 182.34 
101 0.524351 0.518707 0.520739 0.534702 0.5387 0.575153 0.643745 0.647442 0.66761 0.669471 0.688921 0.697909 0.690434 0.718311 0.733103 0.783001 0.892177 0.915836 0.962512 1.01286 1.07525 1.1671 1.14334 1.23675 1.28673 1.40863 1.4394 1.50363 1.57337 1.66555 1.76306 2.02742 2.2322 2.48396 2.79393 3.03325 3.36858 3.6155 3.9892 4.68036 5.70979 6.98958 8.10403 10.3209 13.1722 17.8706 25.1623 40.6795 79.5916 256.016 
102 0.288984 0.254311 0.250728 0.247464 0.258083 0.262554 0.273263 0.293209 0.298333 0.318687 0.349032 0.354201 0.366508 0.368318 0.377803 0.386842 0.401903 0.426464 0.452318 0.469396 0.519648 0.564995 0.574717 0.613659 0.658577 0.707065 0.767214 0.803146 0.934695 1.02121 1.11363 1.20692 1.33275 1.43543 1.57428 1.83872 2.01358 2.3353 2.67086 3.12029 3.6491 4.20139 5.28283 6.53921 8.45612 11.5226 16.8438 27.6906 56.3185 194.386 
103 0.284717 0.292209 0.295706 0.295719 0.301033 0.330216 0.334659 0.349811 0.359026 0.37684 0.376758 0.417341 0.447497 0.462954 0.473027 0.493778 0.514807 0.569228 0.596142 0.598435 0.617127 0.628266 0.682728 0.723912 0.752157 0.851809 0.886835 0.953624 1.04649 1.08358 1.1885 1.28948 1.43639 1.54659 1.67075 1.86705 2.09528 2.34483 2.66749 3.08177 3.57701 4.16153 5.09164 6.45324 8.44375 11.4289 16.8637 27.2987 55.3867 189.733 
104 0.219597 0.231897 0.241235 0.248757 0.259194 0.257266 0.272743 0.27475 0.284492 0.290745 0.299941 0.307419 0.319918 0.338054 0.36001 0.37802 0.400508 0.41703 0.439315 0.454112 0.507653 0.540019 0.566125 0.615943 0.639201 0.694035 0.742899 0.800071 0.85997 0.887184 0.947202 1.06518 1.16846 1.31315 1.4186 1.58524 1.79156 2.03979 2.34165 2.68269 3.1778 3.78505 4.63262 5.93586 7.63198 10.3159 15.1994 24.9614 51.2032 178.645 
105 0.320422 0.337293 0.332756 0.354418 0.364365 0.364284 0.364167 0.3968 0.408313 0.417313 0.446136 0.501619 0.50014 0.542816 0.550279 0.570868 0.596269 0.645704 0.691939 0.764473 0.789894 0.814134 0.845148 0.898575 0.956687 0.998286 1.03659 1.0977 1.18492 1.32453 1.40717 1.58138 1.71258 1.91529 2.09662 2.3012 2.57469 2.87777 3.22853 3.66152 4.52345 5.48758 6.5457 7.98475 10.2019 14.0728 19.9104 32.4677 63.0561 210.424 
106 0.211242 0.215456 0.215651 0.221678 0.248715 0.266128 0.280448 0.280384 0.295216 0.304113 0.305297 0.310935 0.323647 0.345781 0.355817 0.364953 0.388217 0.405426 0.422198 0.478132 0.502738 0.528054 0.601717 0.623089 0.658223 0.684073 0.711136 0.745809 0.805667 0.858704 0.919241 1.02997 1.09463 1.18778 1.35792 1.56174 1.76356 1.98352 2.22677 2.56111 3.02491 3.74446 4.54348 5.6753 7.28088 10.0639 14.6612 24.2394 49.3255 172.022 
107 0.315618 0.299266 0.319119 0.338997 0.34279 0.365371 0.388935 0.401944 0.401928 0.418228 0.437697 0.439608 0.445258 0.45603 0.507482 0.524352 0.547946 0.560178 0.587848 0.681773 0.721462 0.7371 0.798058 0.862506 0.913049 0.991487 1.05559 1.10441 1.19589 1.2624 1.35744 1.48617 1.65126 1.83878 2.12684 2.24386 2.51499 2.82603 3.23814 3.68169 4.3168 5.11688 6.16834 7.80462 9.79424 13.5385 19.3477 32.137 63.8876 211.647 
108 0.195076 0.205567 0.210767 0.214528 0.216617 0.223639 0.23655 0.258694 0.262824 0.280981 0.280811 0.302385 0.31205 0.326394 0.345447 0.353264 0.357135 0.357168 0.370895 0.375351 0.403628 0.411893 0.447439 0.482818 0.544141 0.592773 0.638492 0.686882 0.711671 0.805936 0.845262 0.908661 0.9723 1.06002 1.1751 1.35416 1.5535 1.8247 2.08674 2.41121 2.7814 3.40443 4.08552 5.24169 6.84764 9.17141 13.8484 23.0698 48.1674 170.648 
109 0.202674 0.230033 0.231755 0.253333 0.26857 0.2705 0.273817 0.272768 0.286445 0.30744 0.34069 0.350361 0.362886 0.376738 0.396397 0.423084 0.428148 0.462034 0.478052 0.511208 0.526014 0.573685 0.612569 0.66565 0.701938 0.724131 0.782683 0.859668 0.935442 0.992719 1.05195 1.11227 1.28874 1.40954 1.52871 1.73708 1.98757 2.18421 2.48688 2.91418 3.47487 4.14116 5.00691 6.31767 8.08804 11.2927 16.4 27.0102 54.715 190.518 
110 0.295826 0.306581 0.312045 0.31394 0.314001 0.328434 0.346828 0.36044 0.380957 0.387356 0.42842 0.429243 0.461154 0.489145 0.537263 0.557002 0.556639 0.602446 0.633296 0.676287 0.696615 0.719997 0.758266 0.805405 0.856073 0.923814 0.94878 1.03802 1.14393 1.2824 1.37246 1.4744 1.60323 1.75292 1.93078 2.10688 2.43282 2.73675 3.13133 3.63556 4.22431 5.19336 6.25439 7.87332 10.3159 14.1023 20.4479 33.5218 66.8289 222.786 
111 0.499011 0.511676 0.511297 0.511263 0.513431 0.52795 0.562239 0.577109 0.630562 0.636045 0.688922 0.731394 0.712406 0.791471 0.832823 0.886035 0.954558 1.02318 1.05251 1.13138 1.20305 1.22456 1.2489 1.37313 1.44117 1.56512 1.66227 1.87643 1.97687 2.1989 2.41258 2.63259 2.83482 3.11788 3.39216 3.86483 4.31293 4.89099 5.54151 6.53334 7.56772 8.88428 10.6646 13.4538 17.4001 22.6353 33.3877 53.0478 103.09 322.325 
112 0.389072 0.388789 0.440338 0.492052 0.51339 0.520119 0.520263 0.533391 0.538089 0.540625 0.570925 0.590923 0.592069 0.600358 0.685156 0.71633 0.734985 0.768195 0.806458 0.832566 0.931947 0.980049 1.00832 1.10054 1.19689 1.25052 1.34132 1.44749 1.55879 1.60554 1.72461 1.89608 2.06912 2.283 2.56561 2.76184 3.09196 3.42509 3.83724 4.4903 5.23362 6.1307 7.5771 9.01294 11.5227 15.5609 22.3703 36.0505 71.3015 234.57 
113 0.315089 0.349966 0.346192 0.370402 0.389837 0.412276 0.461365 0.464631 0.459556 0.461492 0.469883 0.49145 0.519655 0.55793 0.555122 0.587002 0.597924 0.646413 0.691578 0.764846 0.795667 0.823649 0.906012 0.969695 1.00256 1.07006 1.1157 1.20639 1.32808 1.37246 1.5207 1.68006 1.81635 1.95852 2.23347 2.4091 2.7856 3.19032 3.53677 4.14426 4.7493 5.73398 7.01715 8.75188 10.9259 14.8459 21.1685 33.851 65.9425 218.385 
114 0.254767 0.255425 0.259555 0.273295 0.283022 0.283031 0.283876 0.307298 0.309565 0.32058 0.350969 0.353896 0.371831 0.383747 0.392495 0.403062 0.458268 0.474945 0.498756 0.537816 0.569841 0.597027 0.666885 0.70339 0.703859 0.743875 0.759651 0.822874 0.88083 0.98803 1.04939 1.14106 1.24399 1.37918 1.58014 1.76752 1.94373 2.21056 2.49578 2.86954 3.34132 4.08475 4.92921 6.10687 8.0196 10.8641 16.2708 26.8235 54.2326 187.281 
115 0.18701 0.200508 0.207882 0.215062 0.225674 0.226878 0.231727 0.232246 0.239243 0.268131 0.272401 0.270172 0.291374 0.315812 0.319688 0.330075 0.345196 0.357392 0.379497 0.402926 0.446907 0.465398 0.47099 0.506509 0.541753 0.572504 0.597545 0.653057 0.739864 0.788069 0.856495 0.89758 0.960571 1.03856 1.164 1.28538 1.49621 1.69867 1.95078 2.22295 2.60018 3.14735 3.80573 4.7608 6.25428 8.68234 12.8857 21.3654 45.0498 162.755 
116 0.197386 0.210298 0.220792 0.233815 0.245144 0.251625 0.270625 0.27584 0.287424 0.288342 0.293795 0.299132 0.324387 0.346337 0.361326 0.379853 0.39781 0.413409 0.443261 0.457397 0.499699 0.546083 0.590787 0.620665 0.641874 0.678015 0.721109 0.770131 0.841865 0.899083 0.967826 1.07334 1.2049 1.29708 1.45415 1.58337 1.75488 1.99361 2.2853 2.6825 3.13215 3.76457 4.50588 5.65741 7.34909 9.80868 14.4981 23.986 49.237 174.385 
117 0.182442 0.190233 0.190267 0.202936 0.213726 0.221866 0.230781 0.234922 0.244493 0.246451 0.253494 0.262177 0.285274 0.313606 0.317008 0.330155 0.346973 0.365084 0.388826 0.420697 0.44602 0.474625 0.499163 0.535994 0.583438 0.616213 0.647089 0.695145 0.770539 0.818544 0.889935 0.950486 1.03588 1.20226 1.30678 1.48817 1.69008 1.95027 2.20878 2.59029 3.01304 3.71158 4.47868 5.66822 7.4053 10.1124 14.9608 24.6425 50.7762 179.653 
118 0.301264 0.30812 0.331774 0.353594 0.362054 0.364974 0.374199 0.37412 0.388064 0.405029 0.436223 0.449901 0.481708 0.492312 0.491499 0.501192 0.539463 0.552508 0.608063 0.658753 0.716218 0.796916 0.841192 0.844311 0.973878 1.00753 1.0641 1.16348 1.32688 1.3924 1.50975 1.62069 1.75811 1.94243 2.13295 2.35578 2.62486 2.96364 3.41111 3.94642 4.53578 5.34345 6.52891 8.10182 10.6786 14.0927 20.4791 33.1349 65.9235 218.993 
119 0.196316 0.197483 0.201478 0.212054 0.223642 0.236972 0.252261 0.257412 0.259571 0.271965 0.283653 0.302811 0.327504 0.347669 0.354934 0.367826 0.381232 0.407586 0.416822 0.43172 0.489634 0.508237 0.517179 0.618117 0.69677 0.759353 0.803088 0.853999 0.882641 0.97169 1.07208 1.21903 1.34643 1.50151 1.62462 1.78427 2.04945 2.30497 2.56993 2.90785 3.50544 4.20697 5.12023 6.47163 8.55257 11.3935 16.7251 27.9531 56.1422 192.809 
120 0.220641 0.240016 0.234533 0.256567 0.308142 0.321775 0.321788 0.323264 0.332621 0.341711 0.372042 0.37449 0.393978 0.407883 0.424751 0.454059 0.458902 0.463915 0.495556 0.539375 0.562057 0.613488 0.642618 0.663763 0.706139 0.760292 0.872481 0.907601 0.973643 1.01783 1.11844 1.25806 1.34456 1.43312 1.63922 1.82371 2.10322 2.42141 2.74929 3.14156 3.74264 4.39993 5.40294 6.84328 8.93151 12.2109 17.9104 29.5324 59.8277 204.603 
121 0.264304 0.281536 0.285397 0.287528 0.287526 0.319521 0.319543 0.323028 0.343768 0.357919 0.357893 0.367698 0.38541 0.399286 0.420139 0.458878 0.492598 0.527876 0.598487 0.641836 0.644608 0.680907 0.720917 0.780269 0.821102 0.863731 0.906101 0.968833 1.02574 1.07832 1.15204 1.30451 1.48325 1.60781 1.78439 2.01915 2.22756 2.50969 2.88065 3.28538 3.91161 4.7754 5.77127 7.32293 9.52382 12.7296 18.5562 29.9261 60.3901 203.548 
122 0.272538 0.272331 0.283504 0.310663 0.318966 0.321314 0.326549 0.339469 0.353955 0.383028 0.398462 0.403855 0.447706 0.495572 0.531049 0.563381 0.559855 0.584406 0.608658 0.645112 0.687879 0.742211 0.747135 0.769728 0.818796 0.858638 0.943145 1.02317 1.09477 1.24141 1.34169 1.45412 1.54368 1.69764 1.83622 2.03116 2.21071 2.5817 2.86505 3.4244 3.96409 4.6448 5.68608 6.99044 9.29363 12.8182 18.2979 29.8945 60.7687 202.746 
123 0.839169 0.601123 0.602901 0.619631 0.683987 0.703575 0.782161 0.757991 0.778773 0.850698 0.879175 0.933811 0.969059 1.01892 1.09518 1.13983 1.17297 1.20994 1.21544 1.37042 1.40532 1.4703 1.54458 1.59464 1.76423 1.92069 2.20015 2.30105 2.43526 2.5611 2.81761 3.03811 3.27176 3.50136 3.7202 4.25941 4.7586 5.26136 5.90636 6.80788 7.83697 9.18359 10.8712 13.225 16.8352 22.2003 31.7144 50.3004 97.2804 308.787 
124 0.277644 0.239612 0.243196 0.256277 0.269607 0.292989 0.298922 0.304162 0.314187 0.31705 0.328793 0.344222 0.368623 0.37014 0.381145 0.385611 0.409667 0.428722 0.455933 0.471772 0.503848 0.539257 0.580295 0.653443 0.66832 0.758027 0.788897 0.84246 0.884552 0.926916 1.01372 1.09852 1.19965 1.36116 1.53881 1.74069 2.02396 2.30724 2.56483 2.90358 3.477 4.13585 5.18504 6.56729 8.37021 11.4972 16.7262 27.4553 55.182 192.152 
125 0.220328 0.220107 0.224012 0.226425 0.236943 0.24713 0.264444 0.28761 0.29012 0.29334 0.292658 0.320032 0.319933 0.340886 0.370144 0.422437 0.446356 0.448109 0.472284 0.492636 0.546235 0.570161 0.582694 0.616647 0.648585 0.68026 0.715596 0.786316 0.840104 0.885173 0.934467 1.0485 1.1966 1.3211 1.47225 1.61883 1.80628 2.03247 2.30771 2.78407 3.29058 3.98352 4.7531 6.03682 7.95229 10.6585 15.6371 26.1438 52.8434 182.639 
126 0.495925 0.520864 0.541002 0.555248 0.562502 0.578097 0.577996 0.618434 0.629295 0.66097 0.749909 0.799545 0.853832 0.881391 0.880676 0.910745 0.96211 1.03979 1.11806 1.20996 1.23614 1.30045 1.42988 1.44289 1.56873 1.67894 1.77446 1.88964 2.03657 2.24397 2.51677 2.75314 3.04855 3.37605 3.76431 4.01153 4.41627 5.02806 5.60703 6.42538 7.73113 8.96374 10.8949 13.0419 16.8542 22.6272 32.0371 51.1054 97.6559 306.239 
127 0.164725 0.164368 0.174558 0.186395 0.202215 0.215597 0.22397 0.241822 0.24567 0.261745 0.269389 0.279335 0.301317 0.308778 0.338344 0.338253 0.369467 0.379454 0.387642 0.395874 0.399662 0.418825 0.436271 0.475062 0.50222 0.529727 0.565764 0.630304 0.704283 0.753539 0.830674 0.912644 0.978879 1.05702 1.16577 1.28443 1.46952 1.67004 1.91494 2.31167 2.73052 3.21653 3.89999 4.95185 6.52475 8.87749 13.2254 22.3179 46.5353 166.464 
128 0.522003 0.527437 0.527496 0.575279 0.617175 0.691982 0.730083 0.757457 0.786341 0.827577 0.839095 0.871282 0.859845 0.85977 0.893489 0.942322 1.00031 1.13836 1.24658 1.32025 1.348 1.38517 1.53327 1.66947 1.88306 1.95806 2.09701 2.35815 2.54613 2.69655 2.8211 2.99836 3.26025 3.5391 3.95004 4.31686 4.91982 5.54148 6.39655 7.25754 8.18509 9.84047 11.7749 14.8352 18.5659 24.9565 35.4786 56.6025 104.642 319.427 
129 1.10059 1.103 1.11283 1.22094 1.27515 1.28325 1.35116 1.34721 1.37342 1.37691 1.42413 1.56177 1.59217 1.68654 1.80087 1.80058 1.80639 1.80773 1.90796 2.10672 2.25179 2.35023 2.40047 2.52579 2.92091 2.95937 3.13544 3.23462 3.64186 3.86565 4.0504 4.46952 4.36652 4.6793 5.34554 5.83545 6.26289 7.54739 8.30598 9.63972 11.2188 12.6813 13.5577 16.5268 20.9846 27.2746 37.2131 59.1633 109.405 309.197 
130 0.315556 0.240731 0.26629 0.289683 0.293287 0.305414 0.304888 0.314677 0.324604 0.3283 0.335136 0.339944 0.343977 0.343617 0.349688 0.373431 0.396161 0.429543 0.480922 0.521528 0.555723 0.576439 0.604548 0.629873 0.710497 0.733932 0.796159 0.799305 0.865637 0.902837 0.968137 1.04352 1.18676 1.35573 1.67376 1.70203 1.85539 2.03997 2.32608 2.70288 3.31103 3.87458 4.68854 5.77504 7.64156 10.7637 15.773 25.9124 52.7781 185.047 
131 0.391061 0.400369 0.39972 0.476977 0.492486 0.492473 0.527665 0.547591 0.555913 0.59508 0.600917 0.608865 0.628502 0.647349 0.680387 0.759421 0.846 0.925245 0.988363 1.00247 1.15805 1.16709 1.30745 1.42644 1.46254 1.57461 1.70922 1.79199 1.8545 1.92851 2.11084 2.34411 2.62185 2.88036 3.17995 3.56101 3.8292 4.32691 4.97983 5.57539 6.58311 7.65433 9.11748 11.226 14.4815 20.2574 28.5594 45.0667 86.7106 270.996 
132 0.279131 0.278932 0.29133 0.291268 0.29135 0.317083 0.319554 0.322127 0.349377 0.381605 0.389925 0.4282 0.459374 0.45435 0.471152 0.515964 0.515822 0.530875 0.622968 0.678049 0.742971 0.711802 0.727366 0.766802 0.801036 0.820509 0.882485 0.94019 0.969832 1.17827 1.30354 1.3821 1.56236 1.69081 1.84051 1.94922 2.19486 2.55766 2.7827 3.32929 3.85288 4.73632 5.70294 7.17716 9.56522 12.8738 18.6103 30.5227 61.1353 204.717 
133 0.260759 0.265887 0.27585 0.279585 0.29339 0.327718 0.329026 0.332797 0.332819 0.349896 0.362045 0.36998 0.3747 0.410931 0.412485 0.45332 0.483866 0.494984 0.519024 0.527285 0.560431 0.593791 0.641924 0.673855 0.754264 0.819485 0.856464 0.923945 1.00813 1.03238 1.11215 1.19396 1.35129 1.46635 1.62208 1.76696 1.93885 2.24478 2.66569 3.21177 3.57692 4.24076 5.13657 6.43353 8.55162 11.3955 16.7438 27.928 56.5858 195.014 
134 0.281074 0.310898 0.317171 0.327142 0.335072 0.38711 0.416392 0.396632 0.407118 0.411028 0.435336 0.462751 0.462678 0.497293 0.503661 0.536022 0.562835 0.564913 0.62091 0.648391 0.674193 0.787967 0.870046 0.922847 0.999296 1.06621 1.10458 1.24099 1.33844 1.44341 1.6139 1.76288 1.74725 1.95803 2.26132 2.49983 2.79176 3.19564 3.54937 3.92772 4.518 5.44206 6.58374 8.27333 10.5282 14.2127 20.643 33.8328 67.5246 225.946 
135 0.242345 0.248462 0.26683 0.26027 0.271968 0.286556 0.29131 0.308287 0.311096 0.311311 0.319193 0.332595 0.366253 0.379926 0.394541 0.421104 0.437175 0.474997 0.513879 0.528657 0.558742 0.579897 0.618304 0.645101 0.694886 0.798607 0.845477 0.927058 0.983293 1.05827 1.17251 1.26335 1.40723 1.54904 1.68611 1.86979 2.06162 2.34201 2.7063 3.13303 3.75566 4.4251 5.46534 6.73552 8.85766 12.1798 17.6855 29.3526 59.5993 202.073 
136 0.254816 0.271707 0.303711 0.306855 0.323389 0.358622 0.361895 0.372633 0.387036 0.40503 0.417152 0.433782 0.463448 0.474651 0.488794 0.495419 0.528178 0.556207 0.558162 0.574832 0.614954 0.678134 0.746608 0.843187 0.862434 0.919152 0.989912 1.07694 1.17515 1.28708 1.3874 1.45938 1.59614 1.73699 1.97305 2.22783 2.47392 2.79015 3.32904 3.8564 4.52962 5.3925 6.4878 8.17925 10.2971 14.4424 21.0959 33.7678 65.8747 216.201 
137 0.273673 0.277246 0.284708 0.284035 0.297559 0.325571 0.339138 0.350076 0.367337 0.385567 0.397024 0.413535 0.42803 0.474191 0.471604 0.485401 0.498736 0.527558 0.553692 0.60333 0.648165 0.667896 0.703324 0.753586 0.816514 0.857769 0.92312 0.987749 1.10262 1.16967 1.26881 1.37837 1.48351 1.60088 1.74279 1.89542 2.3521 2.46745 2.7924 3.23772 3.81816 4.44447 5.37356 6.70664 8.83448 11.7473 17.3475 27.9121 56.2708 192.865 
138 0.203925 0.21614 0.216118 0.223257 0.233001 0.235008 0.248161 0.265224 0.273157 0.289981 0.301318 0.312651 0.347794 0.35314 0.362494 0.38829 0.401324 0.424048 0.460534 0.46725 0.496427 0.503594 0.542226 0.582314 0.627751 0.682705 0.704181 0.773564 0.850402 0.914326 1.00789 1.20971 1.25087 1.28414 1.42031 1.53828 1.78182 2.10398 2.46476 2.86553 3.33727 3.95783 4.83636 6.29048 8.08601 11.0316 16.4742 26.8307 54.6876 188.179 
139 0.207657 0.212294 0.209453 0.215227 0.229746 0.23992 0.239714 0.247534 0.256541 0.272419 0.279267 0.312911 0.30881 0.356022 0.361836 0.370309 0.390521 0.407643 0.433645 0.451549 0.464029 0.486362 0.524944 0.579466 0.61635 0.652387 0.703384 0.7457 0.80135 0.842624 0.903901 1.00601 1.09501 1.22808 1.35494 1.56526 1.94985 1.9973 2.30197 2.65755 3.10173 3.7318 4.60793 5.77034 7.5384 10.367 15.2537 25.464 49.9591 173.604 
140 0.358853 0.362517 0.369065 0.386081 0.398492 0.418505 0.437076 0.441692 0.466608 0.519109 0.536819 0.573121 0.614521 0.649399 0.656195 0.677215 0.687675 0.721457 0.734454 0.820508 0.881688 0.899795 0.978727 1.01122 1.0905 1.16561 1.21669 1.34636 1.46919 1.567 1.70829 1.78167 1.96673 2.1528 2.38003 2.57906 2.96646 3.26542 3.69229 4.08206 4.82966 5.83025 6.9008 8.54723 10.9801 14.7171 21.1239 34.3048 69.0482 227.624 
141 0.460467 0.459148 0.48822 0.520596 0.552646 0.540248 0.556475 0.566001 0.585062 0.585096 0.624139 0.658007 0.726486 0.769606 0.799651 0.823766 0.892372 0.926333 1.01369 1.04627 1.14896 1.1704 1.18352 1.24496 1.33089 1.37649 1.50454 1.57848 1.86341 2.01629 2.15838 2.34795 2.53615 2.73239 3.15724 3.44248 3.78861 4.20329 4.94396 5.7459 6.66218 7.7266 9.70613 12.0552 15.4353 20.7417 29.4527 46.8157 90.2501 282.402 
142 0.302986 0.305501 0.328972 0.337322 0.379253 0.389481 0.412245 0.421786 0.473474 0.50467 0.558525 0.590589 0.591864 0.613105 0.665127 0.667469 0.68726 0.750085 0.771678 0.777925 0.803506 0.843945 0.87679 0.929537 0.982301 1.05674 1.14915 1.25727 1.31531 1.41132 1.53101 1.68558 1.78139 1.94437 2.11606 2.30613 2.56178 2.92565 3.41009 3.96138 4.58227 5.30718 6.30588 7.94368 10.4273 13.7937 20.1833 32.1027 63.1943 209.314 
143 0.449668 0.451439 0.511492 0.514388 0.525444 0.507181 0.551532 0.563805 0.627707 0.653227 0.657488 0.68106 0.757422 0.809941 0.856817 0.880085 0.899093 0.956045 1.02313 1.08953 1.15777 1.25387 1.36503 1.48894 1.54813 1.64725 1.76193 1.84022 2.0191 2.28429 2.40583 2.62249 2.85355 3.17217 3.44093 3.9638 4.42139 4.96665 5.47323 6.39799 7.16979 8.58909 10.4916 12.8364 16.4783 21.9764 31.2362 49.4483 95.8431 303.946 
144 0.376425 0.393724 0.41729 0.421999 0.451212 0.444756 0.455622 0.473545 0.482085 0.482032 0.498657 0.516903 0.544755 0.562637 0.582341 0.617647 0.641699 0.69097 0.738136 0.846387 0.869111 0.92845 0.975279 1.00327 1.08434 1.15427 1.23448 1.27063 1.3377 1.46888 1.5919 1.71878 1.89778 2.04235 2.27021 2.45127 2.84689 3.1458 3.56955 4.19388 4.94475 5.74835 7.09912 8.70104 11.1375 15.0495 21.7104 34.9226 69.1819 227.241 
145 0.38519 0.390073 0.366672 0.394858 0.401584 0.429411 0.443811 0.437249 0.470664 0.493884 0.520484 0.532984 0.605677 0.632293 0.715852 0.75599 0.743508 0.775679 0.799099 0.812325 0.846496 0.866765 1.00401 1.04879 1.12565 1.23832 1.33984 1.44479 1.58186 1.76427 1.88014 2.04657 2.18099 2.32933 2.53626 2.84076 3.27167 3.60871 4.21584 4.81786 5.51494 6.23878 7.48946 9.41178 12.1671 15.9909 22.7401 36.4108 71.2801 232.515 
146 0.40508 0.398815 0.417775 0.465873 0.512958 0.526608 0.556049 0.565736 0.580463 0.636336 0.636128 0.695075 0.693431 0.756224 0.773983 0.802208 0.797098 0.845276 0.906637 0.970985 1.01625 1.13277 1.18252 1.21674 1.27156 1.33833 1.50733 1.65825 1.79506 1.91615 2.0589 2.22491 2.40038 2.56681 2.80012 3.2078 3.68753 4.03833 4.65353 5.58508 6.4109 7.7209 9.05923 11.693 15.1106 19.7832 28.4279 45.6548 89.0624 283.888 
147 0.184675 0.194884 0.207135 0.220808 0.226611 0.249682 0.253489 0.258873 0.25892 0.257583 0.271175 0.2708 0.283827 0.304638 0.324281 0.336454 0.356315 0.403024 0.435302 0.472433 0.50871 0.548331 0.602423 0.625435 0.688898 0.743351 0.771968 0.810916 0.851051 0.942668 1.02366 1.14849 1.24946 1.36895 1.49382 1.67854 1.85036 2.07606 2.35788 2.79337 3.36386 4.06596 4.82401 6.0818 7.92259 10.8804 15.8096 26.0005 52.713 177.656 
148 0.353779 0.364581 0.381618 0.411625 0.411259 0.438394 0.459354 0.458518 0.459891 0.480366 0.464986 0.466797 0.471563 0.482785 0.518405 0.56823 0.59588 0.614866 0.647857 0.675112 0.779538 0.837915 0.944214 1.01128 1.0507 1.09023 1.13116 1.25475 1.28913 1.37376 1.42979 1.60483 1.82791 1.96476 2.2772 2.55723 2.86658 3.10666 3.49401 3.96676 4.63208 5.68558 6.7637 8.21906 10.4352 14.1316 19.9534 32.5616 63.2112 195.067 
149 0.185279 0.185206 0.201235 0.222298 0.222235 0.217536 0.232942 0.239362 0.247793 0.255795 0.292247 0.311421 0.307282 0.326008 0.348259 0.386954 0.383587 0.37848 0.390829 0.403291 0.430216 0.451175 0.48044 0.484392 0.504647 0.552562 0.592653 0.656595 0.72674 0.759014 0.815071 0.903597 0.967102 1.07577 1.21208 1.34855 1.45135 1.61194 1.8553 2.14782 2.55275 3.07882 3.72638 4.61522 6.272 8.41684 12.3625 20.294 41.5749 143.118 
150 0.2002 0.220926 0.220755 0.21913 0.234667 0.244169 0.252663 0.262083 0.285306 0.280732 0.303383 0.306574 0.318881 0.349018 0.355681 0.381926 0.390603 0.432322 0.464154 0.492197 0.50039 0.541174 0.570041 0.588055 0.644104 0.667181 0.744755 0.85463 0.928042 0.956153 1.02998 1.13232 1.23636 1.34737 1.52957 1.65493 1.87907 2.15568 2.4896 2.80068 3.39272 3.99506 4.99944 6.334 8.21335 11.2723 16.2541 26.8838 54.7044 188.551 
151 0.467143 0.482176 0.482131 0.482173 0.551674 0.541854 0.575482 0.597791 0.606207 0.606082 0.652938 0.68988 0.748846 0.837112 0.885585 0.923927 0.950008 1.03194 1.10684 1.19531 1.24678 1.31114 1.33318 1.41165 1.53233 1.63393 1.71115 1.86759 1.96196 2.09463 2.30518 2.58015 2.73701 2.96913 3.21467 3.56441 4.00559 4.54239 5.17355 5.94537 6.88217 8.17446 9.90008 12.2369 15.6771 20.6736 30.264 48.2152 94.4138 302.502 
152 0.544481 0.579188 0.595424 0.642107 0.653423 0.669485 0.719085 0.790384 0.788359 0.821557 0.826481 0.853109 0.959297 0.994673 1.0366 1.0368 1.05982 1.16339 1.20166 1.23461 1.28978 1.27736 1.38582 1.48863 1.59236 1.63369 1.8462 1.93524 2.22079 2.34798 2.46647 2.61931 2.83542 3.09195 3.43596 3.61775 4.03068 4.35506 5.05014 5.83589 6.99198 8.37787 10.0628 12.591 15.9012 22.1495 31.5558 50.572 98.1046 310.821 
153 0.239702 0.246151 0.245995 0.255585 0.260951 0.26425 0.282104 0.302369 0.30844 0.308243 0.319786 0.340188 0.353045 0.379948 0.421694 0.456149 0.48902 0.541613 0.556716 0.56693 0.599297 0.609724 0.639016 0.708421 0.745949 0.780302 0.841268 0.867697 0.974476 1.03803 1.14171 1.26142 1.33542 1.48126 1.70248 1.88634 2.09476 2.28121 2.60088 3.08088 3.62541 4.34642 5.28034 6.53427 8.63902 11.6006 16.713 27.2158 54.417 186.153 
154 0.233672 0.238175 0.237386 0.247637 0.26777 0.273484 0.294804 0.325015 0.334855 0.347526 0.359092 0.406221 0.414478 0.448214 0.484355 0.503286 0.540439 0.585919 0.62124 0.635116 0.677764 0.697383 0.72958 0.789732 0.853972 0.920519 0.966084 1.02633 1.14288 1.21602 1.3947 1.44687 1.51932 1.66971 1.85184 2.06851 2.29887 2.55353 2.90414 3.42351 3.98432 4.60525 5.69733 6.9687 8.92134 12.1337 17.6931 28.3649 56.6949 194.048 
155 0.274992 0.272818 0.294321 0.320129 0.344709 0.345098 0.361253 0.361168 0.381458 0.405446 0.417597 0.426559 0.444496 0.446242 0.469677 0.510263 0.528399 0.583454 0.597112 0.637689 0.694102 0.732424 0.786302 0.846708 0.903666 0.97015 1.03184 1.08546 1.20503 1.30569 1.38115 1.50319 1.64186 1.78444 2.0923 2.33933 2.52269 2.78989 3.10917 3.70985 4.3354 5.15087 6.32621 7.82546 9.89216 13.3869 19.2157 31.0723 62.8151 212.696 
156 0.166398 0.16823 0.176693 0.181847 0.181929 0.186842 0.189153 0.187928 0.194947 0.201058 0.253216 0.259031 0.277055 0.284087 0.292786 0.31581 0.321662 0.336755 0.347455 0.380535 0.398032 0.418959 0.441558 0.470387 0.496804 0.567409 0.585419 0.625548 0.681127 0.728014 0.806623 0.912105 1.00232 1.07524 1.1798 1.33473 1.48987 1.70053 1.99529 2.37278 2.79437 3.35696 4.06958 5.22142 6.87734 9.61763 14.2249 23.8513 49.4905 174.098 
157 0.293541 0.292719 0.294452 0.295145 0.300798 0.347033 0.388275 0.389329 0.40829 0.429623 0.434328 0.453192 0.468238 0.497256 0.518313 0.533546 0.569979 0.601951 0.601909 0.627876 0.658431 0.699818 0.727204 0.755113 0.794671 0.861156 0.973487 1.04746 1.15477 1.20802 1.29526 1.43143 1.58599 1.73512 2.04765 2.19932 2.48639 2.82307 3.32063 3.75857 4.31008 5.25796 6.35509 8.01333 10.1621 13.5569 20.1555 32.4425 64.7856 216.019 
158 0.368646 0.368403 0.368317 0.368346 0.414098 0.414163 0.448231 0.454878 0.468765 0.480039 0.515892 0.523309 0.549823 0.577857 0.652269 0.66962 0.692968 0.726452 0.771222 0.825099 0.871899 0.894848 0.92353 0.99222 1.06982 1.07864 1.13189 1.19107 1.34948 1.42905 1.57831 1.68373 1.82986 2.05265 2.25591 2.55899 2.9039 3.23628 3.65087 4.28375 4.94308 5.94129 7.22615 8.88792 11.4941 15.42 22.0953 35.6002 70.7464 223.749 
159 0.171242 0.174115 0.199921 0.207307 0.203725 0.20689 0.233167 0.266021 0.280995 0.287194 0.292448 0.31331 0.321566 0.335566 0.344772 0.34927 0.36302 0.396008 0.397569 0.44616 0.500918 0.531687 0.55256 0.586809 0.624211 0.683842 0.732977 0.77743 0.802158 0.882763 0.951376 1.04622 1.13613 1.26525 1.4675 1.63531 1.76618 2.03294 2.31256 2.68613 3.21332 3.77041 4.69459 5.72089 7.46834 10.3082 14.8743 24.6164 49.8928 169.402 
160 0.318309 0.262728 0.262781 0.275921 0.281748 0.294767 0.309681 0.326123 0.336759 0.339532 0.342691 0.377866 0.411595 0.416936 0.444008 0.466937 0.498637 0.520057 0.55854 0.560558 0.600191 0.626533 0.673419 0.687583 0.739663 0.777387 0.829211 0.852115 0.914035 1.00684 1.132 1.2588 1.35769 1.51805 1.64867 1.87038 2.01076 2.30514 2.74699 3.21232 3.72772 4.34649 5.25001 6.45154 8.38499 11.1921 16.4675 26.9823 54.6146 189.159 
161 0.414651 0.415403 0.415146 0.432971 0.455343 0.456813 0.459895 0.50935 0.513496 0.531252 0.552596 0.55564 0.578213 0.586781 0.626168 0.668304 0.712954 0.749523 0.757329 0.779589 0.846361 0.903653 0.944454 1.00955 1.07465 1.08262 1.15788 1.22164 1.32779 1.47181 1.51297 1.69743 1.94037 2.11092 2.34727 2.5919 2.92213 3.22727 3.65846 4.29934 4.96566 6.01374 7.30047 9.01534 11.7337 16.1051 23.3117 38.4456 76.2115 247.955 
162 0.477056 0.513483 0.518107 0.537372 0.548004 0.548051 0.548166 0.570952 0.585184 0.622722 0.629164 0.681807 0.714069 0.726542 0.764509 0.849534 0.854848 0.866195 0.90139 0.961945 0.961974 1.05039 1.14721 1.16087 1.25868 1.37368 1.45012 1.60056 1.70384 1.84656 1.9374 2.08626 2.25035 2.39311 2.79319 3.00534 3.40485 3.98406 4.4815 5.04681 5.78313 6.90769 8.3009 10.3728 13.1016 17.5227 25.2954 40.0783 77.8259 251.393 
163 0.385921 0.404736 0.450666 0.45064 0.462396 0.482389 0.482394 0.483987 0.495309 0.520495 0.562139 0.579596 0.632314 0.678598 0.70216 0.723175 0.749341 0.823531 0.872489 0.939257 1.00229 1.09807 1.18161 1.22278 1.32367 1.35719 1.44061 1.51524 1.70204 1.80396 1.95329 2.08289 2.2392 2.48199 2.73876 2.95757 3.39524 3.78805 4.32378 4.87656 5.6059 6.66576 7.8482 9.82009 12.614 16.7937 24.5215 39.4198 77.5089 252.04 
164 0.247884 0.247594 0.255906 0.283159 0.281753 0.294818 0.313691 0.326993 0.339559 0.344894 0.377896 0.403762 0.420928 0.433227 0.440886 0.470982 0.471392 0.496581 0.517834 0.58896 0.602174 0.637879 0.677815 0.707133 0.747768 0.787961 0.864506 0.921241 0.940403 1.00294 1.13026 1.28053 1.39657 1.48717 1.63394 1.82043 2.02221 2.24381 2.64793 3.1099 3.71139 4.30517 5.21763 6.53967 8.52625 11.5514 17.1718 27.9984 56.2006 191.911 
165 0.239066 0.243417 0.249453 0.253634 0.266922 0.284298 0.29359 0.302027 0.304361 0.31406 0.352102 0.383699 0.390215 0.391598 0.414973 0.416533 0.419125 0.433332 0.449292 0.482064 0.533736 0.568375 0.583335 0.647468 0.679331 0.727142 0.787767 0.849755 0.898003 1.02312 1.07996 1.12724 1.21213 1.35351 1.50486 1.65679 1.87709 2.11636 2.44358 2.84399 3.3482 3.93129 4.82399 6.07165 7.85858 10.9149 15.9163 26.2035 53.5391 183.397 
166 0.19642 0.198205 0.201577 0.207582 0.227041 0.227051 0.254608 0.260305 0.280478 0.294368 0.295978 0.295551 0.303605 0.306375 0.331616 0.370336 0.388513 0.465687 0.489214 0.519906 0.524131 0.557264 0.588522 0.625967 0.676565 0.708083 0.743266 0.812213 0.901861 0.981187 1.03621 1.09182 1.20755 1.32714 1.44797 1.65461 1.88075 2.16553 2.46313 2.86146 3.44897 4.07881 4.98394 6.40728 8.29264 11.2731 16.4766 27.22 55.0137 189.132 
167 0.192305 0.186652 0.196049 0.204266 0.208299 0.215952 0.229953 0.244421 0.262793 0.274819 0.289973 0.295338 0.297083 0.326282 0.336659 0.370484 0.374796 0.378043 0.401745 0.423155 0.453273 0.463744 0.524094 0.554207 0.567408 0.590564 0.68807 0.737527 0.805511 0.894243 0.982787 1.08846 1.16384 1.2553 1.42223 1.60202 1.84364 2.02671 2.35684 2.80099 3.19066 3.89575 4.7887 6.05322 7.88521 10.8147 16.1396 26.521 54.4353 187.112 
168 0.21027 0.206933 0.221734 0.222183 0.249058 0.254548 0.273775 0.288641 0.302066 0.302052 0.304923 0.307303 0.304512 0.319528 0.327816 0.342769 0.364499 0.388641 0.415506 0.425055 0.456556 0.504056 0.572543 0.593913 0.632772 0.662502 0.7376 0.775084 0.829358 0.897642 0.934227 0.996353 1.15834 1.26451 1.42701 1.63682 1.82813 2.04509 2.29172 2.5928 3.06458 3.81291 4.63891 5.75369 7.43238 10.3618 15.043 25.0367 51.0004 177.196 
169 0.275512 0.306616 0.306571 0.321434 0.322537 0.330137 0.354274 0.349848 0.353763 0.372994 0.399499 0.439513 0.464022 0.496869 0.507116 0.529522 0.559439 0.579608 0.596006 0.6659 0.677331 0.730619 0.785015 0.832287 0.867926 0.951796 1.01849 1.11915 1.17632 1.26139 1.36235 1.46965 1.56939 1.76305 1.89268 2.19059 2.47005 2.79832 3.13932 3.62349 4.3577 5.17621 6.34282 7.8867 10.1367 13.8568 20.1597 32.5902 63.4336 211.482 
170 0.313189 0.316848 0.316845 0.320906 0.331341 0.337076 0.33703 0.359334 0.36299 0.41538 0.406756 0.42023 0.433691 0.439407 0.455198 0.489757 0.542132 0.5886 0.618016 0.664237 0.685004 0.722383 0.770188 0.865879 0.902701 0.956141 1.05078 1.12142 1.18205 1.31255 1.42098 1.59424 1.72256 1.83145 2.11829 2.27691 2.51472 2.87974 3.29436 3.75758 4.45626 5.13867 6.34085 7.8163 10.0442 13.5224 19.6702 31.8233 63.5781 213.26 
171 0.458202 0.537475 0.578932 0.586919 0.602137 0.600264 0.610736 0.611124 0.611381 0.615493 0.665809 0.673045 0.696743 0.697812 0.770176 0.810751 0.866904 0.879683 0.933492 0.998287 1.018 1.1077 1.1551 1.21437 1.27264 1.3681 1.44491 1.52739 1.60956 1.75189 1.85498 2.02287 2.32203 2.52136 2.7195 2.88933 3.25217 3.58521 4.00097 4.6685 5.52548 6.55766 7.6599 9.3133 12.2637 16.5511 23.4827 38.1616 74.1704 240.403 
172 0.234475 0.231697 0.237573 0.249835 0.272585 0.274131 0.274824 0.279764 0.280129 0.286386 0.298022 0.299723 0.31441 0.35327 0.38732 0.42238 0.425381 0.460631 0.479887 0.495537 0.541811 0.546539 0.588612 0.672707 0.702105 0.78292 0.810336 0.877292 0.946949 1.01216 1.0965 1.21802 1.33713 1.47005 1.62598 1.84252 2.10798 2.37573 2.74606 3.23828 3.72683 4.5277 5.54417 7.04999 9.29873 12.4417 18.4219 29.9424 61.0337 206.23 
173 0.390542 0.390314 0.393804 0.394975 0.394886 0.421238 0.444334 0.470611 0.466749 0.482619 0.531571 0.531499 0.553217 0.58021 0.604915 0.644575 0.694365 0.698457 0.752423 0.785163 0.836527 0.868104 0.908422 0.950503 0.998681 1.08934 1.12753 1.28211 1.44231 1.52095 1.63241 1.75975 2.00848 2.13449 2.37822 2.66717 3.01553 3.49772 3.94218 4.69858 5.45596 6.69643 8.21011 10.2197 13.3395 18.1085 25.9474 41.344 80.354 256.754 
174 0.200184 0.204504 0.206773 0.216761 0.225138 0.231318 0.242108 0.241977 0.246963 0.25376 0.257259 0.271662 0.277948 0.286648 0.303659 0.326187 0.333403 0.383156 0.418896 0.423229 0.472944 0.492847 0.506228 0.543346 0.570258 0.616579 0.646275 0.675526 0.717097 0.783548 0.865822 0.967543 1.09147 1.18928 1.32856 1.45194 1.62144 1.88237 2.10526 2.43455 2.88849 3.48755 4.2822 5.31424 6.98492 9.42595 13.9526 23.1674 48.3436 171.684 
175 0.312832 0.311866 0.314101 0.340478 0.360012 0.38497 0.39093 0.393096 0.425663 0.445627 0.445652 0.445653 0.458957 0.477682 0.486276 0.519754 0.530963 0.554643 0.565587 0.58146 0.648588 0.693184 0.737807 0.817194 0.863164 0.902921 0.946564 1.01813 1.10428 1.18064 1.28177 1.35783 1.45791 1.64113 1.85646 2.08995 2.41982 2.67525 2.96045 3.38569 3.97799 4.67585 5.87454 7.36807 9.32524 12.5651 18.32 29.3883 59.2719 199.751 
176 0.481402 0.498971 0.50915 0.547441 0.610008 0.609889 0.611985 0.628489 0.665448 0.69303 0.712579 0.783076 0.818248 0.870377 0.903456 0.915165 1.11925 1.16193 1.18457 1.23207 1.24101 1.39041 1.46198 1.56416 1.60657 1.7846 2.06782 2.35927 2.47849 2.56537 2.79175 3.00466 3.18281 3.76213 4.00254 4.54031 5.15979 5.78089 6.67036 7.67666 8.67286 10.1197 11.9991 14.9768 18.9971 24.8669 35.5181 56.7434 107.996 335.224 
177 0.57416 0.578218 0.61138 0.637981 0.662222 0.752476 0.785568 0.775124 0.789209 0.849688 0.883352 0.906376 0.913029 0.931742 0.949338 0.96823 1.02276 1.05035 1.10925 1.23738 1.30738 1.39941 1.50909 1.58341 1.63195 1.75506 1.87072 2.04376 2.15895 2.47248 2.61538 2.83062 3.08181 3.41378 3.62718 4.18368 4.64514 5.37979 6.01114 7.04411 8.41491 9.7027 11.9066 14.7535 18.5588 24.5973 34.96 54.6083 103.425 313.884 
178 0.320457 0.327377 0.333375 0.360262 0.345146 0.344679 0.360858 0.368595 0.396848 0.415496 0.42318 0.460375 0.494148 0.496551 0.542955 0.560533 0.578024 0.591029 0.630235 0.695841 0.714245 0.761534 0.844028 0.950936 0.995091 1.04254 1.08769 1.20979 1.34333 1.35697 1.48555 1.61695 1.85754 1.99915 2.19692 2.46103 2.7866 3.08209 3.54905 4.17496 4.74876 5.59964 6.81915 8.47699 10.8514 14.5302 20.7082 33.5694 65.8639 203.418 
179 0.159629 0.152849 0.178522 0.183431 0.178072 0.183993 0.189334 0.204286 0.22582 0.238876 0.246511 0.277246 0.272065 0.296569 0.320442 0.311566 0.324196 0.354769 0.349367 0.359145 0.394576 0.43487 0.452462 0.452873 0.497893 0.520725 0.568989 0.615122 0.656319 0.686083 0.748373 0.804702 0.863034 0.9614 1.04744 1.20744 1.47055 1.66227 1.7907 2.05665 2.44787 2.85322 3.56806 4.42874 5.63167 7.73422 11.5061 18.826 38.4483 133.115 
