surface/epsilon 0.5 0.49 0.48 0.47 0.46 0.45 0.44 0.43 0.42 0.41 0.4 0.39 0.38 0.37 0.36 0.35 0.34 0.33 0.32 0.31 0.3 0.29 0.28 0.27 0.26 0.25 0.24 0.23 0.22 0.21 0.2 0.19 0.18 0.17 0.16 0.15 0.14 0.13 0.12 0.11 0.1 0.09 0.08 0.07 0.06 0.05 0.04 0.03 0.02 0.01 
0 36 38 38 39 40 42 43 46 47 50 52 54 58 59 64 66 69 76 84 91 99 104 110 116 129 136 147 157 165 189 211 240 274 307 338 380 435 505 575 689 851 1063 1347 1744 2361 3392 5343 9473 21244 85174 
1 33 35 38 40 41 42 42 45 46 50 53 57 60 62 66 72 73 77 80 85 90 95 107 119 134 143 151 164 175 194 216 236 262 289 323 376 435 508 596 711 845 1061 1320 1749 2373 3388 5325 9480 21361 85103 
2 33 34 36 37 41 42 44 44 48 51 55 58 61 63 67 71 75 81 84 90 94 100 110 115 122 132 152 161 176 188 209 231 259 302 337 372 434 503 589 703 836 1046 1333 1753 2388 3379 5322 9465 21293 85137 
3 33 33 35 37 38 39 41 45 49 52 55 56 59 63 66 70 74 76 79 87 99 105 112 121 127 136 146 157 170 188 214 243 266 295 332 376 439 498 581 697 857 1054 1334 1722 2367 3443 5316 9489 21189 85162 
4 31 34 36 37 37 41 44 47 50 51 55 61 61 64 68 71 76 79 81 87 93 102 107 117 126 134 147 162 173 190 217 236 264 300 328 376 433 504 590 698 854 1067 1319 1725 2373 3416 5313 9436 21269 85116 
5 35 35 38 39 41 42 43 48 49 49 55 57 60 65 67 73 75 79 84 87 94 99 106 110 123 136 152 163 181 200 218 233 259 292 332 378 430 510 596 715 850 1039 1321 1750 2362 3406 5338 9407 21253 85025 
6 34 34 36 36 41 42 46 48 51 51 53 55 58 61 64 67 73 74 81 89 98 102 110 115 124 132 144 164 178 196 214 231 261 287 339 383 431 498 589 708 856 1051 1326 1743 2382 3414 5379 9415 21371 85013 
7 33 34 35 37 37 41 43 44 45 49 51 56 57 61 64 73 80 82 86 91 97 103 107 117 122 132 141 163 178 200 222 241 266 294 320 369 427 505 588 708 871 1052 1312 1736 2379 3390 5319 9508 21335 85306 
8 35 35 37 38 41 41 43 45 47 48 50 51 56 60 64 68 76 82 89 96 100 104 111 115 124 131 142 157 170 193 214 247 271 300 343 378 423 486 572 701 872 1066 1316 1703 2368 3437 5285 9501 21307 85254 
9 32 34 37 37 38 39 42 43 47 51 51 55 64 68 71 73 74 76 78 82 94 101 107 115 118 134 142 158 176 198 217 251 269 296 324 373 419 496 603 724 858 1035 1321 1726 2396 3366 5335 9449 21366 85178 
10 31 33 35 38 39 39 42 44 49 51 56 59 63 67 70 74 75 80 86 87 94 97 103 109 116 135 148 162 177 196 217 237 259 286 329 366 427 501 617 721 856 1033 1313 1749 2409 3363 5381 9410 21387 84973 
11 33 35 36 40 42 42 46 49 50 53 54 56 58 61 66 67 73 77 79 85 93 101 108 121 133 143 149 163 177 187 211 231 258 290 335 385 441 516 588 687 859 1060 1341 1746 2336 3416 5332 9395 21213 84929 
12 31 34 34 36 37 37 42 48 51 54 59 60 63 64 66 69 72 77 81 90 97 103 107 112 121 134 149 161 180 195 213 240 265 285 327 371 433 508 599 708 861 1047 1333 1740 2356 3400 5308 9431 21378 85215 
13 36 38 40 40 41 42 45 49 52 53 55 55 55 57 61 67 75 79 85 90 98 104 112 119 122 135 149 162 173 188 200 237 270 299 330 382 433 504 587 693 850 1071 1326 1735 2360 3423 5316 9487 21283 85262 
14 35 36 37 39 39 39 46 46 50 53 54 57 60 64 65 67 70 76 82 86 90 105 112 120 128 141 151 164 175 200 211 231 263 303 334 381 444 501 585 703 830 1046 1344 1731 2352 3392 5345 9446 21234 85043 
15 31 31 31 32 38 39 45 46 48 53 56 61 62 63 64 71 77 79 82 86 93 100 109 117 123 133 143 156 182 199 211 237 268 290 324 369 430 504 596 702 852 1048 1334 1739 2359 3384 5355 9452 21339 85106 
16 32 34 35 37 40 41 43 45 48 52 54 57 59 63 66 71 74 80 82 87 93 101 108 116 124 131 147 161 177 199 214 236 272 301 332 367 429 505 594 698 850 1058 1328 1733 2391 3411 5322 9477 21282 85254 
17 37 39 40 41 41 41 43 44 46 48 49 54 60 62 68 69 73 79 84 92 98 105 114 119 123 133 141 153 172 193 221 238 269 293 336 373 424 494 593 717 866 1049 1319 1733 2401 3383 5284 9493 21352 85307 
18 35 35 35 36 37 40 42 43 46 46 51 56 59 64 68 71 78 80 88 89 93 99 107 114 122 132 142 157 175 198 220 243 266 300 327 365 431 501 603 722 854 1029 1328 1751 2371 3379 5353 9427 21303 85289 
19 34 35 35 38 41 43 45 46 49 50 53 56 59 62 67 70 73 75 86 90 94 102 112 118 123 131 147 166 179 192 206 239 268 295 331 380 434 497 594 705 854 1059 1332 1711 2382 3398 5316 9480 21239 85101 
20 35 35 37 40 41 44 47 48 49 52 54 57 59 63 67 68 69 71 77 84 97 103 110 115 126 136 152 167 181 188 209 237 260 296 337 377 439 505 601 708 854 1052 1324 1712 2396 3410 5308 9431 21318 85277 
21 34 35 38 38 42 42 44 45 47 49 52 54 58 59 64 66 74 76 81 88 94 101 108 117 128 139 149 160 175 187 204 232 253 290 339 391 443 506 588 694 837 1065 1348 1753 2368 3393 5297 9461 21214 85032 
22 32 35 37 40 43 45 48 49 50 51 54 56 60 63 66 67 70 72 79 82 90 96 107 116 131 139 154 168 182 195 213 234 259 291 330 373 427 498 596 701 849 1043 1325 1753 2370 3358 5334 9414 21279 85169 
23 34 36 37 38 40 40 45 45 49 51 52 55 60 63 65 68 74 81 84 89 95 103 115 118 126 136 150 161 181 194 209 234 260 293 331 386 435 497 586 708 859 1060 1343 1742 2365 3414 5304 9472 21246 85140 
24 36 37 38 39 43 45 45 45 45 48 52 54 57 59 62 66 74 77 82 92 96 102 110 116 122 133 146 160 173 192 211 234 271 300 335 373 432 506 587 695 853 1050 1324 1723 2373 3382 5309 9470 21239 85189 
25 36 38 38 41 43 43 46 46 47 50 52 56 59 61 64 68 71 74 80 88 93 105 112 124 133 138 151 159 176 188 213 241 265 291 341 384 440 504 581 697 860 1068 1336 1723 2353 3456 5294 9524 21170 85330 
26 33 36 37 39 40 43 43 46 47 50 53 56 59 62 68 70 74 78 82 90 95 103 113 120 128 140 149 159 171 186 204 230 263 293 340 391 427 496 589 698 866 1052 1349 1716 2372 3419 5305 9523 21316 85284 
27 31 35 37 38 42 45 46 48 52 54 54 56 59 63 65 68 70 76 79 85 88 96 104 112 124 143 158 172 187 195 208 226 256 282 326 379 448 513 594 703 839 1057 1339 1740 2351 3411 5311 9437 21245 85240 
28 34 35 37 37 38 39 40 43 45 49 53 57 61 62 65 70 74 78 86 91 97 107 112 114 126 139 144 156 175 191 214 239 268 293 340 378 421 505 594 701 872 1057 1332 1715 2363 3428 5282 9498 21271 85194 
29 37 37 37 37 37 38 41 43 50 51 54 55 59 61 65 67 74 75 81 87 95 102 110 116 124 137 142 156 175 192 212 237 266 289 332 376 441 512 592 696 832 1053 1329 1740 2365 3417 5314 9490 21215 85066 
30 32 34 35 38 41 41 43 45 45 51 53 57 58 61 65 72 74 80 85 88 94 103 109 120 126 134 145 159 176 195 209 237 270 298 327 368 432 509 605 711 848 1049 1326 1741 2371 3392 5313 9503 21264 85378 
31 31 33 34 37 40 41 43 43 49 50 52 52 56 61 65 71 76 84 88 92 94 100 103 111 123 129 146 155 176 197 213 232 271 297 332 374 429 498 590 702 856 1057 1326 1741 2377 3410 5328 9473 21314 85251 
32 35 36 37 37 38 39 42 43 48 49 51 51 54 59 66 75 78 82 89 93 99 103 109 113 126 135 145 160 176 193 213 244 266 300 335 369 426 501 593 707 856 1058 1331 1737 2397 3373 5338 9425 21300 85138 
33 36 36 38 38 40 40 40 43 45 50 53 57 59 63 69 70 74 79 83 88 94 102 107 112 124 138 148 161 175 194 218 241 267 299 337 377 430 499 597 706 852 1040 1334 1735 2358 3411 5304 9457 21315 85228 
34 36 36 36 37 40 43 44 45 48 49 54 57 59 63 65 69 73 76 79 85 94 105 108 114 125 134 152 167 177 200 211 237 263 294 331 386 439 503 596 703 843 1048 1337 1745 2378 3408 5321 9494 21248 85255 
35 37 38 38 39 40 40 41 43 44 46 51 52 55 56 64 69 71 80 86 94 100 106 110 117 126 135 144 153 174 192 214 235 263 291 340 385 431 494 579 710 868 1046 1326 1720 2387 3403 5310 9459 21229 85037 
36 36 37 39 40 41 41 42 46 47 48 50 52 58 60 63 68 71 78 86 92 96 105 111 118 132 133 148 161 172 190 210 228 259 298 336 385 437 505 583 684 848 1063 1330 1738 2354 3404 5359 9459 21301 85121 
37 37 38 39 40 43 46 46 46 47 48 53 55 59 62 64 68 72 78 79 85 91 97 111 120 131 143 149 156 170 190 210 229 259 294 337 378 444 506 582 686 865 1053 1331 1725 2356 3451 5288 9460 21218 85128 
38 35 37 38 39 42 43 43 43 44 46 50 53 59 62 68 71 74 77 82 89 97 105 109 114 129 137 147 164 174 185 206 236 267 299 343 382 434 489 587 701 857 1069 1325 1735 2353 3442 5281 9505 21205 85238 
39 32 32 32 37 39 40 44 46 54 55 56 60 61 63 67 71 75 76 82 90 95 103 105 115 121 136 150 163 178 193 219 236 260 297 331 377 419 508 603 703 849 1043 1340 1753 2347 3383 5356 9375 21253 84848 
40 34 35 38 39 40 41 43 46 47 49 51 53 60 61 66 70 72 77 84 91 95 108 113 121 126 137 144 159 174 188 214 240 266 297 335 372 434 504 587 711 854 1046 1315 1738 2370 3376 5328 9466 21397 85234 
41 34 35 37 38 41 43 44 44 47 50 51 54 55 58 60 70 74 80 87 91 94 101 104 112 121 131 151 165 179 197 214 237 256 298 333 375 427 495 592 707 855 1051 1340 1743 2350 3425 5314 9519 21281 85142 
42 34 34 35 37 38 39 42 43 46 46 50 58 60 64 67 73 79 82 84 89 93 101 106 115 125 134 143 161 179 198 214 243 264 292 327 377 428 500 597 720 847 1049 1319 1749 2361 3410 5329 9476 21250 85229 
43 37 37 39 42 44 44 46 46 48 48 51 53 54 58 62 68 73 80 85 89 97 100 114 120 131 141 148 159 170 184 208 227 258 298 345 394 447 496 572 689 862 1055 1346 1719 2346 3459 5275 9474 21167 85092 
44 32 35 35 38 38 41 43 43 44 49 51 57 60 65 71 73 77 81 83 87 90 96 100 110 125 136 151 163 180 199 216 239 266 288 323 367 437 512 605 711 852 1054 1333 1753 2377 3398 5310 9481 21345 85083 
45 30 31 34 36 41 43 44 46 48 51 52 55 60 66 70 71 75 78 82 87 91 95 100 111 124 139 151 166 183 197 216 246 262 283 315 368 445 512 592 701 847 1034 1328 1762 2363 3412 5368 9430 21314 85130 
46 31 33 36 38 41 42 43 47 50 52 53 57 60 63 68 70 71 72 79 88 96 101 106 113 126 134 149 161 181 194 211 239 260 297 324 378 437 507 595 706 847 1034 1342 1752 2357 3390 5318 9440 21222 85092 
47 33 35 35 38 39 41 44 45 46 49 52 57 59 62 69 70 76 81 81 90 93 96 106 113 126 136 150 160 173 194 214 246 265 290 330 372 430 502 597 705 855 1038 1348 1720 2359 3403 5370 9474 21266 85161 
48 33 35 36 38 41 43 45 47 48 53 56 58 59 63 67 68 74 80 84 84 91 99 105 114 125 137 148 166 181 200 213 240 261 287 328 370 437 506 594 695 850 1031 1316 1755 2360 3395 5345 9411 21231 85061 
49 33 34 37 39 43 43 44 45 46 49 53 57 59 63 68 70 75 82 86 91 94 98 102 109 124 141 149 162 178 191 212 236 265 296 331 371 423 503 587 697 850 1043 1324 1729 2363 3405 5331 9453 21284 85274 
50 37 38 40 41 43 44 44 46 48 49 50 54 58 59 63 64 71 76 82 88 96 103 114 120 126 140 150 162 167 184 204 231 267 302 346 387 440 509 579 693 842 1066 1347 1738 2351 3419 5284 9463 21239 85025 
51 35 35 38 39 41 41 44 45 48 49 49 53 55 63 64 72 76 81 83 91 98 99 105 113 125 137 152 164 175 194 208 234 259 292 337 376 429 498 592 697 852 1055 1336 1736 2356 3431 5346 9469 21225 85204 
52 35 36 38 39 39 40 43 46 49 50 54 56 58 61 64 67 69 76 82 91 97 102 115 124 129 139 148 158 166 187 210 235 267 296 339 379 430 506 598 701 843 1061 1320 1731 2376 3402 5354 9461 21304 85144 
53 34 35 38 38 39 42 44 44 45 48 49 52 56 61 67 71 77 80 90 94 96 103 108 114 124 132 143 156 164 190 219 242 272 293 333 380 423 487 592 713 866 1053 1311 1707 2398 3414 5305 9493 21354 85238 
54 35 36 38 38 41 43 46 47 48 48 51 54 58 62 69 71 75 77 84 90 97 105 109 121 128 136 146 160 167 188 212 233 274 303 335 374 430 490 573 707 871 1073 1324 1728 2351 3445 5299 9463 21183 85194 
55 34 35 36 39 41 44 44 47 47 49 51 53 58 62 63 68 74 79 82 84 92 100 105 118 127 138 151 163 170 188 211 237 264 296 332 385 442 508 591 705 845 1050 1334 1739 2359 3397 5328 9460 21236 85129 
56 36 36 37 40 42 46 49 50 51 52 54 56 57 61 67 70 72 76 80 86 90 98 107 115 128 136 149 171 180 194 208 227 258 294 334 375 435 502 596 698 842 1043 1325 1737 2369 3398 5326 9417 21313 85137 
57 37 38 39 40 41 42 46 47 49 50 50 51 56 61 66 70 74 76 81 90 101 104 107 118 124 136 146 154 176 195 212 240 273 298 334 383 437 492 582 706 871 1068 1327 1727 2366 3416 5280 9532 21315 85267 
58 32 34 37 38 40 41 45 46 50 53 56 58 60 60 64 68 77 81 85 88 94 102 110 118 124 132 146 157 173 194 217 244 266 292 330 372 424 499 599 726 858 1036 1324 1713 2397 3390 5293 9477 21368 85071 
59 34 36 37 37 38 40 41 44 47 50 55 57 57 64 68 69 73 75 84 88 94 102 111 118 129 137 149 158 175 197 217 236 262 295 328 384 440 497 586 715 853 1053 1339 1744 2372 3405 5287 9464 21241 85160 
60 34 34 36 37 38 40 44 45 48 50 52 54 60 63 64 66 71 79 81 88 89 99 106 116 125 134 143 163 173 193 220 236 257 298 330 377 440 508 585 709 851 1046 1332 1751 2372 3366 5368 9454 21357 85151 
61 33 34 36 38 41 43 47 50 50 52 54 57 62 65 69 71 73 77 81 83 90 99 107 116 124 138 149 168 183 191 211 233 260 294 332 371 447 495 586 709 851 1058 1334 1709 2383 3391 5310 9495 21157 85142 
62 30 35 37 38 41 44 46 47 50 53 54 55 58 62 65 68 75 78 84 89 96 101 107 115 126 136 145 162 178 191 211 236 264 299 333 384 437 504 585 701 873 1044 1325 1748 2389 3361 5322 9486 21340 85342 
63 32 33 35 37 38 40 41 42 43 46 54 57 57 62 69 73 77 81 84 89 91 100 108 113 122 133 141 160 174 194 215 244 275 302 335 370 428 497 597 716 863 1040 1312 1734 2372 3394 5349 9432 21376 85211 
64 35 37 39 39 41 42 45 46 49 50 52 55 59 62 65 71 74 76 80 84 95 104 110 123 129 136 146 164 171 185 214 241 260 290 337 377 433 503 583 688 852 1069 1324 1738 2365 3432 5288 9481 21321 85249 
65 33 35 37 38 39 41 45 46 49 51 55 57 60 64 68 72 77 79 80 82 85 87 102 115 125 139 157 162 180 194 216 242 266 289 322 379 433 510 594 704 838 1054 1344 1740 2346 3395 5347 9497 21283 85111 
66 34 34 35 36 39 41 42 44 46 49 55 60 63 66 67 74 75 79 82 84 94 100 106 110 123 129 142 157 180 200 220 248 265 292 325 366 429 505 609 715 864 1042 1325 1749 2396 3369 5339 9442 21348 85108 
67 32 33 36 37 39 42 43 47 51 57 58 62 63 65 66 68 69 73 78 86 89 95 108 118 131 144 153 170 176 191 214 233 258 285 325 380 440 508 586 705 837 1039 1345 1753 2343 3427 5305 9433 21260 85020 
68 34 36 36 38 40 41 42 44 47 49 52 56 62 66 69 69 70 76 80 87 92 95 102 114 125 136 150 159 179 195 212 229 259 290 339 386 436 497 605 710 843 1043 1326 1746 2363 3443 5324 9493 21280 85317 
69 35 37 37 38 39 40 42 50 52 53 55 58 63 66 69 72 74 78 81 84 90 100 106 115 126 134 146 153 177 200 218 239 269 295 322 372 426 501 590 719 855 1048 1326 1720 2362 3408 5331 9452 21306 85221 
70 35 36 36 38 39 41 41 46 48 49 52 58 60 64 68 70 76 83 90 93 96 99 102 109 120 128 142 158 183 197 220 242 271 299 328 368 423 497 589 719 857 1037 1306 1744 2400 3388 5362 9414 21339 85069 
71 33 35 37 38 38 41 44 47 50 53 56 57 58 62 64 66 74 77 84 87 95 100 107 114 126 137 149 159 176 195 214 238 261 294 334 372 437 511 589 711 854 1059 1324 1732 2347 3424 5297 9471 21205 85266 
72 33 34 34 37 39 43 43 48 51 51 53 57 60 64 67 69 74 77 81 85 90 95 106 115 126 133 146 162 180 192 215 233 252 287 329 376 443 513 604 705 847 1038 1334 1733 2363 3414 5322 9434 21300 85242 
73 33 33 34 35 37 39 44 47 51 52 54 56 62 63 67 71 74 80 83 88 93 98 105 109 119 132 150 162 183 199 217 240 272 294 321 364 417 509 603 710 861 1025 1316 1753 2375 3381 5373 9400 21385 85088 
74 36 37 38 39 39 41 42 45 48 52 52 55 57 60 64 68 72 78 86 91 93 100 111 117 126 135 146 155 173 193 213 238 267 294 330 376 427 489 592 696 865 1045 1330 1722 2378 3405 5304 9474 21314 85224 
75 34 34 35 38 38 40 41 41 46 50 53 54 57 59 65 69 74 80 89 95 98 104 108 118 124 134 137 157 170 188 215 241 270 303 338 383 426 491 586 695 873 1060 1319 1715 2376 3436 5264 9499 21306 85166 
76 31 31 31 36 40 41 43 45 47 50 57 58 61 65 68 71 72 76 80 83 92 102 108 118 125 133 152 167 183 196 216 240 258 288 324 369 429 514 617 719 839 1039 1322 1758 2372 3379 5381 9430 21291 84967 
77 34 36 36 38 39 43 46 46 49 50 52 52 56 60 63 67 75 80 85 85 94 99 107 116 128 136 147 161 182 196 215 230 259 299 329 375 432 504 585 694 841 1054 1332 1747 2351 3399 5326 9410 21277 85056 
78 34 35 38 42 43 46 48 50 51 53 57 60 61 64 65 68 71 74 79 83 91 100 106 116 129 137 154 166 176 193 209 226 257 289 339 381 444 513 588 691 852 1054 1336 1756 2329 3422 5325 9450 21247 85021 
79 31 32 34 36 41 43 45 45 50 50 52 53 58 64 65 70 75 81 82 87 92 100 109 117 125 131 146 157 173 197 212 234 258 293 324 376 436 501 598 702 851 1056 1332 1759 2374 3394 5324 9448 21261 85117 
80 35 35 36 40 42 42 44 45 47 49 54 58 60 66 67 68 71 82 84 92 95 96 105 113 121 128 139 156 178 197 217 241 264 300 337 377 428 505 592 702 847 1057 1334 1743 2358 3376 5330 9462 21313 85136 
81 35 35 35 36 41 41 42 43 47 48 52 53 56 57 63 72 77 79 84 93 101 104 110 115 127 135 144 157 173 187 213 229 269 303 345 378 423 497 589 719 864 1068 1339 1712 2370 3421 5282 9511 21224 85239 
82 36 36 38 39 42 44 45 46 46 47 51 54 54 58 62 68 73 77 80 84 92 98 111 121 138 148 152 161 175 189 205 223 261 303 340 383 445 514 589 695 836 1058 1341 1741 2348 3419 5297 9455 21219 85114 
83 37 37 37 39 39 40 41 44 47 49 51 53 55 60 64 68 70 77 84 86 90 103 113 120 131 139 147 156 173 187 212 235 265 300 339 382 435 499 588 701 856 1067 1322 1717 2377 3450 5293 9497 21282 85171 
84 35 35 38 41 42 43 43 45 48 50 51 53 56 61 64 67 75 80 85 92 99 102 111 116 131 140 148 158 178 195 212 236 264 296 335 380 429 500 582 708 854 1063 1338 1744 2359 3417 5319 9489 21220 85258 
85 32 33 35 36 37 39 40 44 48 51 54 60 63 67 72 76 77 80 83 88 93 99 104 111 120 132 144 161 185 206 222 245 267 291 332 368 421 509 603 720 845 1045 1334 1747 2367 3383 5322 9464 21356 85323 
86 32 33 33 36 38 42 43 46 49 50 51 55 60 63 67 69 73 76 80 85 91 94 108 115 126 137 149 163 178 199 214 238 266 293 321 375 433 511 590 711 851 1056 1317 1744 2346 3392 5292 9492 21200 85083 
87 32 36 37 38 40 42 46 47 48 49 52 55 57 58 61 68 72 79 83 87 92 97 108 119 129 141 148 164 180 194 211 229 262 289 330 380 450 504 582 699 849 1063 1346 1732 2349 3427 5301 9493 21255 85152 
88 35 37 37 37 41 43 45 47 49 50 50 56 58 60 64 70 73 79 82 89 93 103 111 119 127 135 148 158 176 195 214 234 261 296 339 382 430 502 578 698 850 1050 1330 1741 2346 3431 5308 9462 21246 85238 
89 36 38 39 39 39 41 43 46 48 51 53 57 59 62 63 67 70 75 81 86 91 102 113 120 130 140 148 159 173 190 208 232 262 301 334 390 444 507 586 698 826 1056 1351 1727 2360 3413 5317 9443 21199 85066 
90 32 32 32 38 38 41 44 44 44 49 56 60 64 67 72 76 77 82 84 87 91 95 100 110 123 138 150 165 184 203 218 242 266 292 323 374 422 497 612 718 851 1034 1318 1755 2376 3378 5394 9379 21444 85150 
91 33 34 39 40 43 44 46 49 52 53 53 57 58 61 64 69 72 79 83 87 90 97 105 117 127 139 147 160 175 194 215 237 266 298 335 382 439 505 595 711 854 1048 1324 1730 2356 3385 5342 9445 21276 85077 
92 35 37 38 40 42 47 48 50 50 50 52 52 56 61 64 65 69 75 81 87 98 105 109 118 128 143 152 163 180 193 214 236 255 290 336 381 444 517 594 715 845 1040 1346 1750 2365 3387 5346 9392 21272 85084 
93 33 34 36 38 39 42 43 47 48 49 53 55 58 61 62 68 77 80 85 91 94 100 106 116 122 131 147 165 180 195 209 240 261 297 336 385 426 497 580 720 854 1052 1337 1726 2370 3404 5333 9481 21264 85380 
94 34 35 37 38 38 39 39 43 46 48 51 56 60 62 67 69 71 77 84 92 96 101 105 109 124 136 145 159 176 191 210 242 266 296 330 368 434 506 593 694 867 1047 1321 1755 2394 3384 5328 9451 21277 85010 
95 36 37 38 40 40 42 43 44 47 50 54 55 59 63 66 69 71 77 81 85 93 101 111 119 131 141 154 163 175 187 206 234 257 294 337 377 435 520 602 701 830 1050 1341 1748 2339 3384 5373 9426 21288 85055 
96 33 36 38 40 42 44 45 47 50 52 54 55 56 60 67 70 73 76 81 86 92 103 114 118 125 136 151 161 177 192 209 232 264 290 331 379 436 505 597 710 851 1038 1330 1730 2362 3424 5337 9398 21271 84909 
97 34 36 38 40 42 46 48 50 50 50 52 54 58 62 65 67 69 77 81 88 91 99 110 118 128 138 150 166 181 196 211 231 265 296 331 386 443 502 579 707 852 1049 1337 1746 2350 3386 5312 9470 21312 85219 
98 31 33 33 34 38 43 47 49 50 53 57 61 63 64 65 70 73 78 84 89 93 99 104 115 122 137 146 163 175 194 214 236 253 291 332 379 440 511 596 707 850 1050 1323 1761 2373 3396 5312 9460 21296 85108 
99 35 36 36 36 37 40 44 44 47 49 52 53 58 62 69 73 77 80 85 88 93 103 107 115 126 137 147 156 174 195 216 247 266 296 337 377 435 496 589 710 869 1036 1318 1733 2382 3403 5357 9445 21302 85185 
100 35 35 36 36 37 39 43 44 44 50 53 54 56 62 67 70 73 75 83 94 98 107 111 118 124 135 146 158 177 191 209 237 263 295 341 386 436 507 583 696 861 1053 1336 1726 2342 3433 5305 9478 21181 85152 
101 37 37 38 40 42 44 49 49 51 52 53 55 55 59 62 65 74 79 81 89 96 104 109 119 130 141 150 166 174 186 202 233 267 304 349 385 438 498 581 694 858 1067 1315 1709 2369 3431 5287 9480 21267 85145 
102 36 37 38 39 40 41 44 46 47 51 55 56 60 61 64 66 73 77 80 87 96 106 111 117 127 138 149 160 177 196 215 237 261 288 322 380 428 503 590 714 863 1034 1333 1746 2348 3402 5294 9462 21233 85138 
103 35 36 37 37 38 42 42 45 47 49 49 55 59 64 66 71 77 85 88 88 94 97 106 113 120 135 142 158 178 190 210 241 274 299 329 374 434 497 594 708 860 1038 1321 1744 2405 3428 5318 9475 21355 85265 
104 33 35 37 38 41 41 44 45 47 49 52 54 57 60 64 69 74 78 84 88 97 102 108 119 128 141 150 164 176 190 206 236 262 296 326 380 436 506 591 700 861 1053 1320 1752 2369 3389 5328 9461 21297 85188 
105 35 38 38 40 41 41 42 45 46 48 51 55 56 62 63 65 69 76 84 96 101 106 112 118 128 136 141 152 168 185 202 235 263 300 338 384 429 502 580 685 859 1074 1333 1713 2335 3423 5286 9489 21231 85155 
106 34 35 35 37 41 44 45 45 49 52 52 53 56 64 66 69 73 77 82 90 95 101 114 120 128 138 148 158 175 191 213 237 260 286 331 386 444 511 589 695 843 1065 1337 1738 2356 3416 5310 9451 21283 85121 
107 36 36 39 41 42 43 47 49 49 52 55 56 57 59 66 69 74 76 80 89 95 100 108 117 128 142 152 162 178 192 208 235 261 296 343 379 435 497 595 713 865 1054 1316 1731 2357 3428 5279 9474 21287 85080 
108 32 33 35 36 38 41 44 47 49 51 54 60 63 67 72 75 77 77 80 82 90 93 101 108 125 140 151 169 179 204 220 241 260 283 319 368 434 516 603 721 844 1049 1314 1751 2384 3350 5341 9440 21286 84987 
109 32 36 37 39 41 44 45 45 47 50 54 55 57 60 64 70 71 80 82 89 93 100 110 122 130 136 148 162 177 195 211 232 267 299 331 378 443 501 588 705 861 1057 1332 1722 2348 3438 5310 9456 21168 85268 
110 35 36 37 38 38 40 42 45 47 48 52 54 59 62 68 71 71 80 84 92 97 102 110 115 125 135 143 153 173 195 217 237 268 299 334 376 442 501 586 707 847 1061 1334 1727 2379 3448 5278 9498 21243 85128 
111 35 36 37 37 38 39 42 44 48 48 52 55 56 62 67 72 76 83 85 90 98 103 106 116 121 130 141 160 175 188 219 242 259 292 323 374 427 497 596 718 854 1038 1321 1755 2418 3339 5324 9457 21374 85176 
112 35 35 37 43 44 45 45 48 48 49 52 54 55 58 64 70 75 81 85 89 96 103 108 119 128 138 150 162 179 186 206 230 255 300 346 386 437 498 583 700 844 1063 1353 1728 2349 3442 5303 9441 21190 85070 
113 33 36 36 37 40 43 48 49 49 50 52 53 56 62 64 66 68 71 76 85 93 99 111 121 129 138 149 161 178 187 210 235 259 284 328 371 440 502 585 699 846 1055 1339 1755 2336 3419 5336 9442 21265 85092 
114 36 36 37 40 42 42 42 46 47 50 54 55 58 61 63 64 71 76 82 89 94 103 117 122 129 140 144 155 168 187 204 231 257 297 339 384 437 506 591 697 848 1072 1337 1732 2375 3373 5344 9440 21266 85106 
115 35 37 38 40 41 42 44 45 47 53 55 55 59 63 64 68 73 77 81 86 96 103 109 118 128 137 144 160 182 197 219 237 260 287 329 373 435 506 593 704 851 1052 1328 1729 2366 3398 5339 9442 21333 85234 
116 36 39 40 42 43 44 45 45 47 47 48 48 53 59 62 67 72 76 84 89 98 108 118 124 129 135 141 154 173 187 204 238 267 296 332 378 433 500 584 702 857 1061 1324 1734 2387 3389 5319 9444 21297 85131 
117 36 39 39 41 43 46 47 48 50 52 53 56 59 62 63 66 69 75 81 88 96 105 110 118 128 139 149 161 182 193 212 232 254 293 328 379 436 510 588 706 839 1063 1325 1744 2374 3388 5310 9476 21191 85221 
118 32 33 35 38 40 41 44 44 48 53 55 59 63 64 64 67 71 74 80 89 94 104 110 114 124 131 148 165 186 197 215 243 259 289 325 375 435 504 603 713 855 1043 1325 1744 2359 3382 5325 9462 21280 85214 
119 35 36 37 39 40 42 45 46 47 50 52 57 61 66 69 71 75 81 84 88 95 99 102 114 126 138 150 162 170 193 213 237 270 303 331 373 438 516 592 698 858 1058 1323 1738 2385 3389 5325 9527 21255 85215 
120 32 35 34 36 43 44 44 45 48 49 53 54 59 63 67 72 73 75 80 87 93 100 113 120 127 136 153 164 177 191 213 235 258 287 331 378 444 504 591 705 852 1042 1336 1735 2376 3393 5332 9493 21329 85274 
121 34 36 37 38 38 44 44 45 47 48 48 50 56 59 63 70 77 82 90 94 95 101 108 120 126 133 148 161 175 189 208 236 269 295 334 381 432 496 591 697 852 1054 1333 1734 2369 3401 5302 9422 21256 85087 
122 33 33 34 37 38 39 40 41 43 49 53 54 58 66 71 74 75 80 85 92 97 105 108 112 121 127 141 160 177 196 220 244 262 294 335 381 424 506 589 711 859 1037 1317 1728 2373 3427 5296 9464 21371 85308 
123 33 35 36 37 42 43 45 45 47 51 53 56 59 61 67 74 77 79 81 89 92 96 107 113 125 135 156 169 180 192 211 235 263 299 330 383 438 496 578 702 854 1066 1336 1731 2349 3404 5324 9501 21240 85104 
124 35 37 38 40 42 45 48 49 50 51 54 56 59 60 62 64 70 74 80 84 89 98 112 122 130 143 150 163 174 188 206 226 254 294 334 385 450 519 591 685 836 1039 1340 1733 2350 3442 5334 9419 21211 85188 
125 34 34 35 36 36 38 44 47 48 49 49 55 56 60 65 71 77 80 86 90 98 102 108 117 125 131 142 158 177 191 206 229 266 300 339 373 433 505 591 708 844 1058 1318 1738 2389 3399 5288 9519 21290 85179 
126 33 35 36 38 39 41 41 46 47 50 52 56 60 64 65 68 72 77 83 91 94 100 112 117 123 134 143 158 175 189 214 236 270 302 339 379 434 507 589 699 861 1050 1350 1714 2364 3409 5374 9484 21238 85101 
127 30 30 32 35 37 40 42 47 48 52 54 58 62 63 71 71 79 83 86 89 91 99 105 113 123 130 147 165 184 200 215 236 263 293 328 365 433 500 591 713 867 1037 1317 1752 2389 3368 5345 9474 21351 85095 
128 35 36 36 38 40 44 46 48 51 54 55 56 59 60 63 66 70 76 85 90 92 95 106 118 133 143 155 171 184 194 209 228 257 291 337 382 444 509 592 698 839 1050 1346 1738 2341 3416 5356 9459 21226 85108 
129 35 35 35 39 40 41 44 45 49 49 50 55 60 64 70 72 77 78 82 90 95 104 108 114 127 137 148 156 174 195 214 238 262 290 338 378 431 511 586 707 856 1060 1330 1735 2353 3407 5285 9494 21214 85161 
130 34 35 39 42 43 46 46 48 50 51 52 53 54 54 57 61 69 77 84 92 98 107 115 120 130 139 154 158 173 186 202 227 257 295 335 387 443 495 572 688 869 1065 1334 1739 2344 3460 5297 9460 21264 85019 
131 37 38 38 40 41 41 44 45 46 49 51 53 56 58 62 66 76 80 86 88 96 103 113 125 131 139 153 164 172 181 205 229 258 311 344 386 433 505 581 691 851 1070 1346 1701 2357 3443 5318 9458 21263 85209 
132 34 34 37 37 37 40 41 42 45 49 52 58 62 62 65 71 74 77 84 91 97 104 109 115 123 129 141 158 167 194 216 235 269 303 337 374 431 499 578 706 862 1061 1322 1717 2356 3415 5320 9427 21310 85141 
133 36 36 38 39 41 45 46 48 48 50 54 56 58 65 66 71 75 79 84 87 95 101 107 115 125 138 146 164 180 191 212 235 260 297 335 376 428 495 598 712 857 1040 1334 1731 2381 3397 5321 9463 21242 85092 
134 34 37 39 40 41 44 46 47 48 50 54 58 58 62 64 71 75 76 85 90 94 98 110 116 127 140 150 164 178 196 217 229 252 284 333 380 445 519 598 700 838 1042 1324 1761 2335 3398 5346 9391 21253 84961 
135 34 35 37 38 41 46 47 49 51 51 53 55 59 61 65 69 71 76 84 90 96 102 109 118 129 139 149 158 170 192 213 236 269 299 336 384 433 496 591 699 865 1061 1339 1712 2363 3417 5305 9451 21204 85057 
136 34 36 39 40 41 45 45 47 48 49 51 55 60 63 66 69 74 79 82 85 90 98 111 121 130 139 149 162 177 196 216 232 259 288 332 380 439 503 584 699 852 1065 1337 1731 2347 3431 5323 9481 21276 85170 
137 33 36 37 37 38 43 45 46 48 51 54 57 59 65 65 67 70 74 83 90 98 102 110 115 126 134 145 160 184 200 216 238 263 293 331 372 435 508 593 710 869 1044 1310 1729 2375 3404 5330 9460 21276 85160 
138 34 36 36 37 39 40 42 46 49 51 52 55 60 63 65 70 74 79 84 86 92 95 101 111 124 138 145 161 177 193 212 237 264 299 329 364 422 511 605 706 847 1049 1310 1745 2373 3401 5312 9474 21251 85257 
139 34 36 36 37 40 42 42 44 46 49 49 56 58 66 67 69 73 77 83 88 92 97 106 118 127 137 150 163 178 190 205 231 262 296 334 381 447 508 592 691 844 1053 1350 1731 2329 3418 5332 9466 21211 85202 
140 33 33 34 36 39 40 42 45 48 51 55 59 65 69 71 73 74 77 81 86 93 97 105 111 123 134 145 163 185 196 216 233 258 286 332 379 443 505 599 696 847 1054 1326 1762 2362 3395 5330 9438 21328 85100 
141 33 34 36 40 42 43 45 46 47 47 50 53 59 63 65 69 73 77 84 88 97 100 109 115 126 137 148 160 181 193 210 228 261 286 339 387 432 493 600 714 845 1030 1328 1765 2356 3393 5343 9403 21333 84963 
142 32 32 34 35 39 42 43 45 47 50 54 58 62 67 71 72 74 82 85 87 91 97 103 112 120 130 146 161 185 196 219 243 263 297 327 375 430 503 597 717 858 1040 1318 1753 2391 3362 5345 9450 21385 85162 
143 33 34 37 37 39 39 42 43 47 50 52 55 61 64 69 72 75 79 83 88 93 102 110 117 125 133 145 158 172 198 214 238 267 297 327 375 437 510 589 705 844 1043 1344 1760 2348 3384 5323 9440 21256 85093 
144 35 35 37 39 41 42 43 44 47 47 49 53 57 61 64 69 72 77 84 91 93 104 112 118 127 137 150 159 173 190 215 237 264 292 338 379 440 498 590 710 853 1053 1324 1726 2378 3392 5357 9461 21427 85123 
145 33 34 35 38 39 41 42 44 46 51 53 55 60 62 67 73 77 79 84 88 91 96 107 110 122 137 149 162 181 199 219 241 261 291 325 375 432 498 599 710 866 1040 1310 1746 2379 3401 5302 9463 21273 85238 
146 33 34 35 36 40 42 45 47 49 51 51 58 59 62 66 68 69 74 83 90 95 106 114 119 123 134 148 166 179 192 214 239 263 291 331 373 442 500 590 714 851 1049 1317 1748 2388 3388 5297 9428 21332 85174 
147 33 36 37 39 39 44 44 45 45 49 51 51 55 59 63 66 73 76 81 90 97 100 114 119 128 137 143 155 168 189 209 239 270 301 338 384 432 494 574 696 854 1062 1308 1724 2371 3423 5319 9420 21307 85210 
148 37 39 40 41 41 44 46 47 48 49 49 50 51 54 60 66 72 77 84 90 101 106 116 124 129 136 147 158 170 187 201 222 269 298 343 391 442 502 571 693 847 1083 1343 1723 2346 3448 5279 9535 21205 85178 
149 33 33 36 40 43 43 45 47 48 50 51 53 54 61 65 71 76 80 84 88 96 104 112 114 119 131 147 163 176 189 212 240 267 299 337 383 430 498 586 702 861 1054 1308 1742 2374 3384 5320 9442 21289 85087 
150 35 37 37 39 41 42 43 44 50 51 55 56 59 62 64 69 71 79 83 89 93 101 105 116 125 129 145 165 181 194 212 233 262 293 339 375 429 505 600 702 855 1031 1318 1744 2369 3403 5309 9481 21273 85082 
151 33 34 34 34 40 40 43 45 46 46 48 51 57 64 68 70 71 78 86 91 96 102 109 116 127 138 147 163 177 194 212 238 262 289 330 374 431 511 592 701 845 1040 1331 1749 2381 3380 5348 9449 21258 85168 
152 32 35 36 39 41 42 45 49 49 51 52 54 61 63 66 66 68 78 81 87 95 99 110 120 127 136 150 161 180 194 214 233 263 297 328 380 436 505 582 697 853 1055 1321 1734 2350 3424 5321 9454 21301 85078 
153 36 38 38 39 40 41 43 45 46 46 48 52 55 60 66 71 76 86 89 92 98 102 108 115 125 133 144 158 176 187 210 243 265 297 343 386 434 489 575 703 859 1053 1314 1722 2384 3414 5290 9496 21379 85248 
154 32 34 34 35 39 39 43 46 48 51 52 57 58 63 67 70 74 81 85 89 97 101 108 116 123 138 146 158 180 196 226 239 256 287 327 377 431 500 583 715 857 1039 1320 1740 2359 3406 5331 9408 21252 85179 
155 37 37 38 40 43 43 46 46 50 52 53 56 58 59 62 70 71 78 80 86 95 102 109 118 125 136 152 163 183 197 210 228 259 286 340 396 441 504 578 708 845 1052 1351 1750 2344 3403 5324 9426 21213 85140 
156 34 35 37 39 39 41 42 43 45 47 53 54 60 64 65 71 73 78 81 89 96 101 106 117 122 139 144 157 174 189 214 245 271 295 335 379 433 496 587 709 860 1048 1314 1739 2390 3394 5312 9468 21302 84944 
157 34 34 34 36 37 42 47 47 50 52 53 56 58 63 67 71 77 83 84 89 93 99 106 113 123 137 148 164 180 194 206 231 262 294 333 382 438 512 606 703 833 1053 1340 1756 2359 3388 5341 9456 21265 85212 
158 35 35 35 35 40 40 44 45 47 48 52 53 57 60 68 70 77 82 86 93 97 103 109 118 127 135 147 160 181 195 215 233 263 301 333 379 436 498 582 702 847 1044 1336 1738 2366 3418 5340 9431 21282 84956 
159 33 34 37 39 39 41 45 49 50 52 55 60 62 65 67 68 71 75 76 87 97 105 112 117 127 137 148 162 169 189 211 235 260 297 339 389 428 494 584 700 855 1054 1338 1729 2354 3437 5322 9490 21170 85007 
160 34 34 34 36 37 39 42 45 47 49 50 55 60 62 66 69 78 82 88 89 97 100 109 115 125 134 146 153 169 190 215 241 265 299 331 384 427 501 586 710 863 1060 1323 1727 2364 3380 5345 9446 21347 85333 
161 35 35 35 37 38 39 40 44 46 49 51 53 58 60 64 72 78 81 84 89 96 103 110 118 126 132 142 154 174 197 211 239 269 299 336 378 434 496 586 710 855 1058 1334 1728 2355 3398 5291 9466 21214 85212 
162 36 38 39 41 42 42 43 46 49 52 53 54 56 59 63 71 74 77 82 91 92 99 110 116 129 138 149 163 175 195 208 231 253 284 338 373 427 509 589 715 846 1047 1338 1754 2352 3380 5318 9444 21318 85122 
163 32 35 40 40 41 43 43 44 46 49 50 52 55 60 64 68 71 79 85 89 95 99 107 114 124 137 152 162 180 194 211 235 262 300 339 375 439 506 599 699 855 1050 1325 1754 2345 3418 5341 9441 21239 85196 
164 32 32 34 37 39 42 45 48 50 51 56 58 62 66 67 73 73 78 83 90 93 99 107 114 123 133 149 165 173 193 213 242 269 293 329 376 430 495 584 703 867 1044 1312 1734 2365 3384 5334 9493 21374 85141 
165 33 36 37 38 41 44 46 47 49 53 55 62 64 66 68 69 71 75 78 85 91 97 101 115 122 136 153 168 180 197 219 233 260 292 335 378 434 507 603 709 848 1044 1327 1742 2370 3399 5316 9438 21363 84977 
166 35 36 37 39 42 42 45 47 50 53 54 55 56 57 62 68 75 78 84 91 92 100 108 116 130 136 144 163 178 197 217 233 261 297 327 379 433 509 590 693 854 1047 1320 1747 2361 3393 5284 9429 21247 85049 
167 33 33 35 36 37 39 42 46 50 54 58 60 61 65 68 73 75 76 79 85 92 98 110 117 123 130 143 161 177 198 217 239 266 295 329 376 432 504 592 714 833 1050 1323 1757 2372 3385 5331 9452 21298 85035 
168 35 35 37 38 43 44 48 50 52 52 53 54 56 59 62 65 69 75 82 86 90 103 116 122 130 136 150 160 176 190 203 223 259 288 338 389 451 505 577 682 837 1076 1344 1741 2338 3445 5304 9511 21200 85153 
169 33 35 35 37 38 39 41 42 43 48 50 55 59 66 68 71 76 78 83 90 93 102 109 117 125 139 150 165 180 196 215 240 260 299 332 382 439 511 597 706 844 1061 1343 1737 2367 3410 5321 9461 21286 85208 
170 37 37 37 38 39 41 41 44 47 52 53 54 57 59 63 69 76 84 89 92 96 100 106 120 130 135 149 161 172 191 210 239 262 288 341 377 425 500 594 708 857 1045 1331 1740 2366 3390 5345 9403 21288 85072 
171 34 39 41 41 44 46 47 47 47 48 54 55 57 57 62 67 73 77 83 89 97 107 113 121 130 138 146 159 174 189 207 231 266 300 341 382 430 492 579 698 861 1069 1325 1726 2373 3429 5307 9505 21266 85243 
172 36 37 38 40 42 43 43 44 44 46 47 51 53 59 66 73 75 79 83 87 95 97 109 116 124 136 147 161 174 197 215 234 262 293 337 381 429 490 595 730 849 1052 1330 1725 2388 3381 5362 9468 21336 85182 
173 35 35 37 37 37 41 43 46 46 48 53 53 56 58 63 66 71 76 83 91 95 99 107 117 124 133 141 159 172 191 211 236 269 294 332 383 432 496 583 716 856 1062 1341 1711 2367 3416 5293 9480 21308 85298 
174 34 36 37 40 42 43 45 47 48 50 51 54 56 59 64 67 69 78 84 88 101 106 111 121 127 138 147 156 168 186 205 229 266 299 344 382 433 503 583 688 839 1059 1337 1735 2376 3423 5323 9488 21299 85396 
175 36 36 37 39 41 46 48 49 53 57 57 57 60 62 64 70 72 76 78 84 89 94 105 120 132 143 153 163 182 198 214 231 257 285 333 380 451 515 591 695 829 1026 1347 1765 2354 3381 5364 9431 21321 85050 
176 33 34 36 37 42 42 43 44 46 48 49 53 56 61 65 67 77 83 85 90 91 101 106 114 120 131 144 164 178 191 217 240 263 298 323 372 431 507 601 711 852 1047 1323 1748 2379 3383 5322 9453 21320 85094 
177 33 34 36 37 40 46 49 50 51 54 57 58 59 62 64 66 69 73 78 87 93 101 112 119 121 135 147 162 180 199 213 238 261 300 330 383 433 507 585 696 863 1037 1331 1742 2371 3413 5308 9475 21279 85165 
178 35 37 39 41 42 42 44 45 49 51 54 58 60 61 66 70 73 77 80 87 91 99 110 121 130 138 146 162 177 189 212 235 270 301 334 382 435 495 589 708 849 1037 1335 1747 2370 3428 5285 9445 21269 85211 
179 33 33 37 37 37 39 41 44 47 51 57 62 63 66 70 71 74 82 83 87 93 97 103 112 124 139 152 169 183 195 215 237 257 288 322 383 439 502 598 706 870 1048 1337 1739 2351 3403 5340 9430 21324 85237 
