surface/epsilon 0.5 0.49 0.48 0.47 0.46 0.45 0.44 0.43 0.42 0.41 0.4 0.39 0.38 0.37 0.36 0.35 0.34 0.33 0.32 0.31 0.3 0.29 0.28 0.27 0.26 0.25 0.24 0.23 0.22 0.21 0.2 0.19 0.18 0.17 0.16 0.15 0.14 0.13 0.12 0.11 0.1 0.09 0.08 0.07 0.06 0.05 0.04 0.03 0.02 0.01 
0 30 32 36 37 38 39 42 48 49 51 51 53 60 63 65 68 69 84 88 92 98 106 109 114 126 137 143 154 170 192 218 238 264 298 336 381 444 502 592 709 860 1064 1364 1736 2371 3485 5388 9563 21560 86396 
1 32 34 36 38 39 40 43 46 50 53 57 59 61 63 66 69 71 77 83 89 93 97 110 122 132 143 151 159 173 189 207 233 266 294 332 381 442 512 596 708 870 1070 1344 1756 2392 3461 5374 9597 21475 86352 
2 34 36 36 38 38 40 41 47 49 51 54 57 58 61 66 70 74 77 79 81 89 97 107 117 129 140 153 165 179 191 213 232 254 294 344 388 439 515 590 708 861 1079 1362 1751 2370 3435 5387 9566 21584 86247 
3 33 34 36 37 38 40 43 44 45 48 54 57 58 59 64 68 72 76 82 87 98 105 110 118 129 137 151 158 169 192 216 240 274 301 335 384 431 509 607 721 867 1071 1328 1747 2416 3472 5406 9563 21632 86289 
4 35 37 37 37 38 40 42 45 48 52 53 55 60 64 67 69 72 76 81 86 93 101 108 116 125 136 152 168 180 192 213 231 264 299 342 377 438 509 613 715 859 1074 1351 1771 2393 3446 5409 9587 21572 86247 
5 32 34 37 38 40 43 44 48 49 53 55 59 62 62 62 64 68 72 76 86 91 104 111 120 129 137 153 164 177 195 215 234 264 300 337 384 450 514 605 703 864 1063 1358 1783 2384 3434 5434 9589 21591 86374 
6 33 35 38 38 41 42 42 45 50 51 53 53 56 61 67 68 73 77 81 87 94 100 105 115 129 136 144 164 177 199 213 238 265 296 336 387 446 508 596 711 862 1059 1341 1743 2395 3463 5361 9602 21644 86427 
7 37 37 38 39 42 43 43 43 44 50 54 55 60 64 66 70 74 79 84 90 96 104 112 117 128 133 145 162 176 199 217 231 262 303 344 390 436 501 595 707 858 1071 1357 1779 2383 3463 5374 9616 21505 86234 
8 32 34 35 37 40 42 42 43 45 49 53 53 57 58 66 71 75 84 89 90 100 108 114 118 123 131 145 158 172 193 215 242 264 300 347 389 450 503 605 714 852 1073 1341 1752 2394 3475 5354 9575 21607 86335 
9 32 32 36 39 40 41 42 46 50 52 54 56 60 63 66 67 71 76 80 87 96 105 108 117 125 134 148 166 179 196 210 239 269 297 335 389 439 511 598 705 872 1072 1344 1766 2381 3452 5391 9580 21578 86267 
10 36 41 41 41 43 45 47 47 48 50 51 55 57 57 59 65 72 81 89 90 99 104 108 115 126 139 150 159 177 194 213 240 262 311 346 385 437 499 586 711 872 1077 1356 1737 2404 3427 5382 9565 21560 86335 
11 32 33 33 37 38 39 42 46 47 50 53 57 57 61 64 72 76 79 83 88 96 100 110 117 120 127 152 163 184 204 215 234 264 296 330 377 435 513 613 715 879 1059 1346 1781 2384 3455 5414 9597 21598 86589 
12 33 34 34 36 39 40 43 46 52 52 54 56 59 63 65 68 74 77 84 93 100 108 111 115 124 131 145 164 177 199 219 246 272 303 338 392 443 503 591 703 871 1068 1366 1759 2385 3454 5405 9613 21564 86206 
13 35 36 38 42 42 43 44 45 51 51 52 53 55 56 60 67 71 77 81 89 92 98 105 124 132 140 151 164 179 193 209 236 266 290 334 392 445 513 595 712 853 1052 1353 1780 2367 3447 5415 9576 21610 86154 
14 35 36 39 39 41 41 43 44 46 49 53 55 61 63 67 72 76 79 82 84 99 102 106 117 129 135 151 165 177 191 212 239 258 306 340 379 436 513 600 717 863 1063 1367 1767 2374 3447 5408 9581 21587 86243 
15 33 34 36 38 40 40 40 41 45 47 50 54 58 62 67 69 75 84 87 90 95 103 112 121 129 139 147 162 181 199 209 234 272 292 332 385 446 517 599 712 861 1054 1335 1760 2427 3437 5389 9540 21634 86178 
16 35 37 39 40 42 45 47 48 49 50 52 57 58 60 64 67 72 72 82 87 92 104 111 120 131 140 150 163 177 193 215 229 263 295 335 392 440 516 607 705 853 1066 1338 1734 2419 3448 5409 9585 21594 86244 
17 34 34 35 37 38 42 43 44 48 52 55 56 59 64 69 74 77 79 80 82 91 103 113 121 125 139 148 167 180 201 219 241 270 300 333 384 452 510 596 712 873 1054 1346 1774 2413 3452 5360 9651 21608 86435 
18 36 36 37 37 41 44 44 46 47 50 54 54 57 63 65 69 74 81 85 92 96 102 109 115 123 135 147 160 175 195 217 242 270 300 339 384 437 509 591 721 872 1062 1325 1759 2413 3451 5417 9578 21649 86290 
19 33 36 36 37 38 39 41 43 46 51 56 59 63 60 64 69 74 79 89 91 96 104 111 115 123 135 148 153 175 192 213 244 271 303 330 371 433 507 595 732 870 1060 1345 1757 2391 3446 5381 9560 21587 86265 
20 35 36 37 37 39 41 43 45 45 46 48 52 56 61 65 71 74 79 84 91 97 106 110 118 123 135 144 164 178 192 205 232 265 298 354 386 436 506 599 698 867 1067 1332 1793 2385 3438 5397 9633 21598 86390 
21 33 35 35 38 41 45 47 48 50 55 57 58 59 62 64 67 70 76 78 87 93 101 109 122 126 136 146 161 189 203 225 239 264 289 332 382 437 508 594 713 867 1078 1356 1749 2389 3444 5392 9582 21673 86520 
22 34 35 35 37 38 40 42 43 46 48 50 53 56 60 67 70 78 87 89 92 98 102 106 118 129 135 145 160 172 192 215 244 264 304 339 387 438 510 592 714 854 1052 1344 1777 2383 3431 5434 9525 21540 86149 
23 34 34 36 37 39 41 45 48 49 53 55 57 63 66 67 68 72 79 80 90 92 97 104 115 129 145 153 166 177 194 218 237 262 299 333 381 448 521 603 702 854 1041 1356 1780 2390 3438 5419 9564 21489 86266 
24 33 35 35 39 40 43 44 47 49 52 54 55 58 62 65 68 74 79 84 90 95 104 112 116 127 137 144 159 175 195 210 245 269 300 340 383 436 507 600 712 874 1057 1344 1753 2404 3485 5397 9583 21532 86094 
25 34 36 38 39 40 44 45 47 49 50 52 53 55 61 64 68 73 80 85 91 96 103 109 120 127 136 149 161 177 190 210 234 266 306 347 387 434 504 590 724 881 1077 1350 1729 2403 3470 5407 9574 21657 86440 
26 34 34 34 39 41 42 43 47 48 48 51 55 58 63 67 72 75 77 87 89 91 100 103 111 121 134 142 159 179 204 221 243 271 294 321 372 436 517 609 730 862 1041 1332 1778 2420 3418 5441 9546 21595 86244 
27 32 34 38 41 42 44 47 48 49 51 55 57 59 64 66 70 74 79 78 85 96 100 108 115 122 134 153 158 171 194 217 240 263 303 336 385 444 508 606 717 862 1073 1335 1755 2411 3468 5369 9638 21632 86357 
28 34 35 36 38 40 41 41 43 45 51 52 55 55 61 65 68 73 75 81 91 103 107 116 120 128 134 142 149 170 185 209 242 269 299 340 382 435 502 589 725 860 1067 1336 1738 2404 3465 5372 9582 21527 86352 
29 33 35 36 39 42 45 48 50 54 56 56 58 59 60 67 69 70 75 82 85 90 96 110 121 128 138 151 170 177 187 207 232 262 298 333 389 441 515 602 714 854 1050 1346 1798 2369 3419 5389 9584 21545 86172 
30 35 37 37 38 39 40 41 44 46 52 55 56 58 63 65 67 72 78 87 90 95 99 104 114 123 130 146 163 181 197 227 249 267 290 327 371 435 514 604 715 867 1047 1340 1773 2410 3430 5397 9522 21645 86410 
31 32 35 35 37 38 43 46 48 49 51 53 54 59 62 66 69 74 78 81 87 93 100 106 116 126 136 149 162 173 191 213 235 264 296 329 385 438 504 603 716 867 1051 1354 1791 2425 3424 5363 9618 21579 86192 
32 35 36 37 37 41 45 47 48 48 49 52 53 55 62 64 67 73 79 84 92 94 97 104 116 129 144 153 170 177 190 209 234 267 302 332 377 441 507 579 704 881 1094 1352 1750 2415 3455 5401 9617 21587 86443 
33 33 33 34 35 36 43 45 49 51 53 54 58 60 62 67 70 72 75 80 85 87 93 104 116 124 137 148 162 178 202 219 239 258 288 329 379 433 525 614 723 853 1045 1339 1775 2392 3403 5465 9564 21586 86241 
34 32 35 36 36 40 41 44 49 52 52 57 57 59 63 65 68 70 75 80 87 94 99 111 120 131 144 155 168 176 188 213 230 263 300 334 383 444 518 602 711 869 1080 1361 1750 2388 3458 5402 9633 21549 86409 
35 33 35 38 39 42 42 44 47 49 51 53 55 57 58 63 64 66 75 79 90 99 106 111 119 128 138 148 163 179 193 217 241 265 295 331 390 448 519 598 707 863 1066 1362 1756 2387 3468 5400 9593 21569 86187 
36 31 36 37 37 38 39 41 44 46 47 49 60 62 65 70 74 82 84 86 90 96 99 106 112 121 133 149 158 176 199 224 242 274 302 335 377 423 500 600 733 877 1066 1319 1747 2446 3424 5406 9637 21670 86268 
37 32 32 33 35 40 41 43 46 47 54 56 59 61 64 66 70 73 76 81 86 95 102 106 117 125 141 155 167 178 197 211 235 258 291 333 382 454 518 616 721 843 1054 1355 1780 2383 3391 5447 9523 21556 86190 
38 35 38 39 38 41 43 43 46 49 51 53 56 59 61 66 68 74 78 80 86 92 98 106 116 127 141 153 165 179 197 214 240 264 296 336 383 429 512 601 718 866 1034 1343 1780 2409 3434 5401 9542 21611 86257 
39 31 31 34 36 38 39 40 47 50 51 57 60 61 64 66 70 75 79 83 89 97 102 108 119 124 134 149 162 178 199 214 238 269 305 325 381 441 511 601 719 870 1063 1321 1764 2410 3456 5387 9617 21563 86264 
40 36 39 40 40 41 43 44 44 45 48 52 53 56 59 60 66 76 81 83 97 99 105 112 118 126 132 143 158 179 196 219 238 263 310 342 378 438 515 600 715 849 1068 1347 1783 2388 3439 5410 9603 21588 86378 
41 32 34 36 37 39 41 43 45 47 49 51 53 58 60 66 73 77 88 91 94 100 106 109 113 124 131 138 155 173 191 216 245 279 302 340 384 431 499 586 714 880 1080 1326 1749 2419 3448 5364 9655 21633 86369 
42 33 36 40 40 43 45 48 48 49 50 51 56 58 60 61 65 74 79 86 88 93 104 111 118 136 142 153 162 177 193 207 235 256 297 341 395 449 514 602 702 855 1063 1387 1757 2380 3455 5403 9524 21605 86399 
43 32 34 36 38 40 43 45 48 50 52 56 57 60 62 66 69 72 77 81 93 97 103 109 117 125 132 146 156 173 191 215 237 276 299 336 379 446 507 589 689 876 1074 1356 1758 2405 3439 5367 9540 21540 86241 
44 36 37 39 40 42 43 44 44 46 48 55 57 59 63 69 70 73 79 81 86 92 99 107 120 126 140 152 167 180 204 218 235 268 296 337 380 430 524 607 702 849 1076 1353 1737 2410 3463 5413 9609 21576 86320 
45 33 35 38 40 42 43 44 46 46 48 55 58 59 60 64 70 74 79 83 90 97 103 108 118 127 137 150 160 173 197 222 245 270 298 340 380 430 507 596 714 859 1071 1345 1757 2396 3452 5370 9617 21505 86339 
46 32 36 36 38 38 40 43 44 48 48 51 55 58 61 62 65 68 76 80 86 90 101 110 121 134 142 151 162 176 194 206 230 258 291 339 395 455 524 600 712 847 1055 1356 1774 2370 3455 5403 9550 21473 86166 
47 34 36 38 41 42 43 44 47 47 51 53 54 58 60 63 68 73 77 78 83 90 95 110 117 133 145 156 165 181 194 209 234 258 297 334 379 446 515 607 723 846 1055 1346 1772 2403 3461 5364 9572 21552 86240 
48 34 35 35 36 38 40 41 45 47 50 56 57 59 60 66 71 75 81 83 86 92 102 111 120 127 134 143 160 179 197 220 239 271 297 338 375 442 514 590 716 872 1071 1342 1773 2381 3495 5390 9604 21622 86311 
49 32 36 37 39 41 42 44 45 45 48 52 54 57 60 65 70 75 81 84 90 96 104 110 113 126 136 148 158 177 193 213 239 269 301 340 389 437 501 609 709 850 1068 1353 1773 2412 3449 5415 9612 21561 86422 
50 32 33 35 37 38 43 46 49 51 54 55 56 59 64 65 68 73 78 82 89 94 101 109 118 128 136 151 161 179 198 218 236 263 290 329 380 441 511 606 712 866 1060 1343 1764 2400 3452 5388 9597 21580 86326 
51 34 36 38 39 40 43 47 47 52 52 54 56 58 61 64 72 73 80 84 86 91 99 106 116 128 139 149 159 181 198 215 236 261 298 334 384 441 509 598 701 856 1077 1348 1754 2382 3468 5366 9589 21523 86377 
52 34 34 35 35 38 41 43 44 48 50 53 55 58 62 67 69 79 81 85 95 97 99 106 110 119 131 148 164 179 197 213 239 270 299 340 383 433 501 589 708 854 1068 1350 1750 2407 3475 5340 9629 21582 86426 
53 36 36 37 39 40 41 43 47 47 47 51 53 59 61 66 69 69 75 83 94 100 102 107 119 129 142 147 159 172 187 212 233 266 302 343 385 447 505 597 706 854 1069 1368 1748 2388 3459 5362 9587 21525 86346 
54 32 33 37 39 42 44 45 46 48 50 50 53 54 61 64 70 76 79 84 88 93 106 112 119 128 137 153 166 181 191 211 233 266 298 345 391 438 502 595 699 860 1090 1359 1753 2380 3451 5399 9613 21519 86198 
55 34 36 39 39 42 43 46 48 49 51 54 56 58 63 66 71 77 78 86 88 95 102 107 118 126 135 150 162 181 195 221 244 274 299 330 378 435 506 604 719 860 1065 1345 1773 2416 3439 5428 9555 21554 86290 
56 35 35 35 39 41 46 47 49 51 52 54 56 58 60 65 71 76 83 87 90 98 100 111 123 131 141 150 159 174 195 213 235 273 301 333 383 435 508 594 711 858 1072 1348 1751 2401 3448 5399 9620 21531 86360 
57 34 34 36 37 38 39 40 43 45 47 49 51 58 63 68 71 76 83 86 91 98 100 109 114 125 134 149 161 172 197 212 235 263 290 336 383 447 512 605 706 848 1061 1357 1782 2383 3444 5407 9555 21540 86282 
58 33 36 38 39 40 42 43 49 51 53 55 57 60 62 62 65 68 71 76 87 95 103 109 125 131 141 155 171 183 196 209 223 255 292 335 402 453 515 606 708 843 1083 1368 1766 2371 3438 5432 9601 21556 86185 
59 35 36 36 37 40 41 43 46 48 50 55 56 57 60 63 67 71 79 85 89 97 101 110 115 126 139 142 164 188 201 215 235 264 295 329 374 430 512 592 716 848 1061 1355 1761 2377 3466 5447 9605 21534 86348 
60 33 36 36 37 37 38 43 45 48 51 52 55 57 63 67 70 73 81 87 93 94 98 105 111 121 134 142 164 179 196 226 247 271 302 328 373 421 504 594 725 869 1062 1345 1784 2397 3458 5426 9530 21548 86059 
61 32 34 36 37 38 41 43 46 47 50 52 57 61 63 69 72 76 81 86 91 95 103 109 116 123 131 149 167 181 198 220 236 261 296 325 376 435 512 606 722 865 1064 1350 1765 2401 3440 5394 9562 21550 86207 
62 32 35 36 38 39 42 45 49 51 52 55 60 61 64 66 72 74 78 81 87 90 96 106 115 121 133 151 166 182 198 223 243 265 300 336 384 434 499 596 715 888 1058 1342 1734 2425 3446 5386 9639 21568 86274 
63 34 37 39 39 42 46 47 47 50 55 55 56 57 57 63 68 71 76 80 83 89 102 109 126 134 139 151 161 169 189 206 234 260 294 343 385 435 503 597 709 869 1082 1341 1768 2396 3462 5395 9598 21528 86318 
64 35 36 36 38 38 41 44 46 47 49 53 57 60 64 68 72 75 77 81 89 92 98 102 114 126 137 150 161 177 197 220 243 268 295 331 371 441 522 597 709 857 1056 1353 1778 2370 3460 5404 9556 21520 86159 
65 33 34 37 37 38 39 41 42 47 48 50 54 58 61 68 72 77 83 86 94 98 102 110 118 123 134 143 160 174 194 214 241 266 298 338 376 432 509 595 708 849 1043 1365 1785 2404 3398 5440 9513 21624 86301 
66 33 35 36 38 38 39 44 45 49 51 53 56 58 61 66 69 72 78 85 91 100 103 110 117 123 137 148 160 172 192 217 236 268 303 338 374 438 501 595 712 875 1075 1348 1745 2388 3460 5360 9576 21617 86499 
67 37 35 40 42 42 45 46 47 49 52 54 56 58 62 66 68 71 73 77 82 93 101 110 118 130 144 152 164 180 195 204 231 257 298 329 398 452 526 588 704 855 1091 1352 1754 2358 3464 5388 9582 21552 86253 
68 32 36 38 39 41 41 42 44 45 51 54 56 57 63 63 70 74 80 83 93 96 102 109 116 124 138 148 160 175 196 217 241 269 304 337 381 441 503 589 711 858 1072 1347 1758 2396 3449 5384 9585 21486 86302 
69 31 33 36 38 39 41 42 45 51 53 54 57 62 64 70 69 71 76 81 85 88 96 101 116 124 140 153 165 180 196 213 230 257 287 331 380 433 518 607 723 855 1047 1342 1763 2397 3437 5435 9537 21567 86145 
70 34 34 34 34 37 38 41 42 45 50 51 55 59 65 67 74 75 78 83 88 94 100 106 125 128 135 147 162 182 203 217 244 269 292 336 385 442 516 606 722 866 1054 1352 1755 2394 3426 5399 9533 21604 86154 
71 36 36 36 36 36 38 42 43 49 51 52 55 58 59 65 66 71 76 84 89 95 101 108 119 128 140 152 161 177 196 213 235 268 296 333 387 440 516 610 710 856 1054 1355 1763 2392 3452 5418 9597 21642 86347 
72 34 34 34 34 38 42 44 49 50 52 55 57 58 59 61 67 72 74 80 84 93 104 107 118 128 138 146 164 181 195 216 232 258 289 329 386 447 516 593 705 853 1068 1356 1757 2384 3453 5432 9586 21516 86213 
73 33 34 36 38 40 44 44 43 45 49 51 53 59 62 66 71 78 82 90 92 94 98 106 116 125 134 145 161 183 197 222 243 271 299 336 381 427 503 600 718 858 1057 1338 1778 2381 3451 5391 9600 21576 86195 
74 34 34 34 34 35 36 39 45 47 48 50 53 56 61 67 73 75 80 84 90 96 102 109 113 123 129 144 162 183 194 222 245 275 307 331 382 432 506 595 716 868 1072 1348 1749 2382 3471 5373 9598 21533 86363 
75 33 33 36 39 39 41 42 46 50 53 53 56 59 61 63 66 72 77 80 90 96 102 110 115 128 136 146 159 178 190 212 235 267 301 334 394 444 500 585 709 868 1077 1365 1750 2397 3444 5409 9614 21592 86253 
76 35 36 36 37 38 40 42 44 48 52 54 55 58 62 68 71 72 78 84 89 95 99 110 114 125 133 148 155 177 200 213 239 265 296 330 383 433 519 611 721 851 1053 1339 1765 2424 3427 5384 9582 21690 86289 
77 35 35 35 38 40 41 42 46 48 51 52 53 56 62 63 68 70 76 86 91 99 102 111 120 124 135 145 161 178 193 215 240 269 299 336 376 436 515 594 706 874 1069 1350 1761 2405 3437 5430 9543 21603 86307 
78 33 35 35 36 37 38 40 41 43 48 50 54 55 59 65 69 73 77 82 90 97 104 111 120 131 141 146 161 173 188 208 238 272 307 341 391 434 499 595 718 864 1078 1344 1757 2394 3464 5386 9618 21612 86365 
79 34 35 36 38 40 40 40 42 43 49 51 55 56 62 64 69 74 80 85 91 97 100 110 117 127 137 146 157 175 187 212 237 262 302 340 383 442 521 598 716 863 1072 1346 1753 2381 3468 5433 9570 21553 86293 
80 34 35 36 38 39 40 42 44 44 51 54 58 59 64 65 69 74 78 83 91 97 101 108 111 124 134 152 163 179 200 216 238 270 293 336 383 433 517 602 712 868 1055 1346 1767 2425 3464 5424 9556 21588 86355 
81 29 30 35 38 41 45 47 47 49 51 53 57 58 61 65 68 73 75 84 94 98 101 109 117 127 140 148 156 165 186 210 243 274 305 336 374 449 508 588 713 881 1071 1351 1768 2393 3460 5422 9563 21565 86179 
82 34 34 36 37 37 38 38 43 46 48 51 54 58 65 68 70 76 81 87 92 96 99 106 112 126 134 145 163 183 197 216 244 269 298 331 378 431 510 591 724 883 1069 1323 1755 2433 3471 5352 9611 21659 86239 
83 33 35 36 38 38 42 42 44 46 51 54 55 60 61 66 71 78 79 85 94 98 104 111 118 124 131 145 164 177 188 212 243 272 301 330 385 429 506 606 716 870 1077 1348 1738 2391 3473 5376 9641 21628 86420 
84 34 35 36 37 37 41 44 48 50 52 53 54 58 62 63 67 70 78 84 90 95 102 111 122 130 137 148 157 171 194 215 245 272 304 344 395 434 501 596 709 870 1076 1331 1759 2423 3438 5388 9610 21609 86173 
85 32 35 37 39 42 42 45 46 48 48 52 53 58 61 64 71 75 80 81 85 89 101 109 118 125 138 150 157 171 188 212 238 269 298 344 386 436 498 585 713 864 1057 1338 1734 2403 3460 5379 9655 21563 86410 
86 31 33 37 38 40 41 46 46 50 53 55 57 58 62 64 69 73 77 79 87 93 102 111 117 123 133 146 161 180 195 216 239 269 303 340 382 434 505 601 718 870 1057 1345 1749 2393 3441 5418 9571 21612 86334 
87 34 35 38 40 41 42 47 48 49 50 51 54 58 63 68 70 72 76 82 85 92 101 114 119 129 145 150 161 178 194 210 233 260 299 343 381 431 516 597 709 873 1060 1338 1775 2387 3444 5412 9596 21609 86322 
88 33 35 35 36 40 40 43 47 49 49 54 54 54 56 58 63 70 77 85 92 97 104 113 121 130 140 151 163 177 193 208 229 266 297 344 395 440 502 583 705 867 1088 1350 1763 2414 3465 5348 9626 21547 86480 
89 33 34 35 37 39 39 41 44 51 53 55 57 61 62 65 71 74 75 79 87 93 100 112 122 131 136 144 157 175 192 214 234 266 288 338 386 446 508 594 708 865 1073 1344 1743 2400 3445 5408 9609 21542 86169 
90 31 33 34 37 38 39 42 45 46 50 54 61 57 64 64 68 70 79 85 90 94 98 99 111 125 133 145 159 173 196 222 239 267 296 326 375 428 514 613 704 868 1056 1346 1777 2408 3451 5386 9549 21615 86158 
91 32 34 36 39 40 41 44 47 52 52 56 58 60 64 64 66 71 79 83 86 93 94 100 109 127 147 158 165 179 192 207 230 253 286 330 370 447 512 602 725 864 1054 1346 1771 2415 3425 5414 9599 21595 86227 
92 37 38 39 41 42 44 46 46 47 48 49 54 55 57 63 70 72 80 87 93 97 104 109 116 123 134 147 158 176 193 211 240 264 302 342 385 442 505 597 708 862 1065 1335 1769 2410 3466 5361 9565 21571 86342 
93 34 34 35 37 38 39 40 43 44 44 47 51 54 59 63 67 76 80 89 96 100 106 110 119 127 134 139 153 168 187 215 238 274 307 343 378 430 501 586 713 864 1063 1369 1776 2391 3436 5400 9593 21591 86115 
94 30 33 34 34 41 41 42 46 47 52 57 58 62 65 68 73 78 82 82 85 92 97 105 115 121 134 146 161 179 192 214 244 267 292 334 381 448 507 601 710 864 1061 1355 1757 2398 3437 5419 9542 21627 86267 
95 31 32 34 35 38 41 41 44 46 49 53 57 59 63 65 70 74 83 84 90 97 103 104 110 122 134 146 164 176 194 218 245 272 302 331 376 432 511 606 719 860 1057 1328 1741 2414 3444 5401 9620 21633 86324 
96 33 36 37 38 39 42 43 47 49 49 52 55 56 62 65 69 74 80 83 91 98 102 112 119 131 139 150 161 175 194 219 243 267 298 333 391 450 508 591 720 865 1074 1349 1729 2408 3470 5396 9601 21547 86302 
97 31 32 34 36 40 41 42 49 50 51 54 56 58 61 64 67 72 78 83 87 95 99 106 121 135 138 146 163 177 194 210 233 261 300 340 392 443 507 580 705 876 1067 1358 1749 2381 3489 5359 9663 21571 86576 
98 32 34 37 40 40 43 46 50 51 52 56 58 61 61 65 69 73 77 77 83 89 99 106 113 124 138 150 164 178 192 209 233 264 292 327 382 452 516 589 712 858 1060 1384 1772 2348 3509 5384 9552 21534 86222 
99 34 34 35 38 39 42 45 47 50 53 54 58 61 64 64 72 75 78 83 90 94 96 105 114 126 133 149 162 181 203 218 241 267 298 332 388 450 515 594 716 858 1065 1369 1783 2375 3436 5422 9589 21531 86219 
100 36 39 39 39 41 41 44 48 50 51 51 53 57 60 62 65 70 74 81 89 93 102 112 126 131 141 152 164 170 187 206 229 262 300 334 391 454 518 584 706 849 1074 1365 1758 2359 3486 5401 9578 21582 86200 
101 33 37 37 37 38 39 41 44 46 48 51 54 57 61 66 67 72 79 88 93 96 104 115 123 128 134 145 156 173 191 214 241 269 305 342 387 429 493 590 730 877 1061 1338 1731 2400 3466 5376 9612 21647 86213 
102 34 38 41 41 41 41 44 46 47 49 49 53 54 59 67 70 71 72 79 89 94 101 108 118 127 136 152 165 180 195 209 242 269 293 331 380 442 513 590 722 856 1060 1346 1750 2429 3445 5376 9602 21603 86449 
103 32 35 38 39 40 41 45 48 49 50 52 55 57 63 67 68 74 78 87 91 96 102 111 120 126 135 148 159 180 190 212 245 272 296 336 378 426 502 601 707 879 1063 1353 1766 2408 3419 5406 9577 21524 86350 
104 32 33 36 36 38 40 42 44 50 54 58 61 64 67 69 73 75 78 85 88 93 99 106 112 124 140 148 165 182 198 222 245 262 300 338 388 436 500 596 724 874 1057 1355 1744 2397 3464 5351 9608 21547 86287 
105 35 37 38 38 40 42 45 46 48 51 54 59 59 60 65 68 71 76 83 86 93 96 104 117 128 139 148 165 182 197 215 232 259 292 335 384 439 527 596 702 844 1065 1341 1774 2390 3443 5422 9578 21531 86264 
106 31 32 33 34 37 38 39 46 49 53 56 58 60 62 68 71 74 79 81 88 94 98 105 118 127 135 145 158 181 197 214 240 264 298 322 373 444 514 592 716 855 1066 1346 1768 2399 3465 5401 9585 21571 86112 
107 34 34 35 35 36 39 41 43 44 50 55 57 63 65 68 71 75 75 80 84 93 103 109 117 124 135 149 163 178 191 210 236 264 295 337 384 434 515 591 725 853 1080 1337 1761 2406 3449 5389 9592 21610 86238 
108 34 36 37 38 40 40 41 41 42 44 47 53 57 57 61 69 75 79 91 97 101 107 115 119 122 130 140 154 169 189 212 246 275 308 339 378 442 500 586 715 873 1072 1354 1743 2406 3469 5384 9565 21605 86427 
109 31 34 35 36 37 41 43 46 49 52 54 55 58 62 64 69 75 79 84 90 99 104 111 120 128 133 149 158 172 193 210 239 266 289 333 388 438 513 603 706 859 1076 1345 1754 2393 3470 5402 9614 21546 86309 
110 32 36 39 40 41 42 45 45 47 52 53 58 58 60 64 71 75 81 86 90 96 103 107 112 124 141 149 169 179 200 212 232 263 293 336 391 442 508 599 706 873 1078 1375 1765 2393 3482 5408 9642 21601 86424 
111 33 34 36 36 37 39 45 47 47 50 52 55 56 63 68 74 75 81 84 87 92 100 108 116 127 141 148 161 176 191 214 238 280 304 332 375 435 508 600 714 866 1056 1334 1744 2418 3413 5375 9601 21636 86135 
112 31 34 35 37 38 42 46 50 52 55 55 59 61 64 68 71 75 75 81 86 91 94 104 113 125 138 148 162 178 200 219 237 266 291 332 364 443 519 603 724 854 1047 1341 1770 2412 3419 5420 9570 21599 86264 
113 33 34 35 36 37 42 43 46 49 51 54 54 58 63 63 68 69 72 81 86 94 99 108 122 133 142 147 159 173 200 216 244 274 296 333 385 441 502 598 703 848 1084 1352 1744 2394 3432 5378 9610 21599 86473 
114 32 32 36 38 43 44 45 49 51 54 55 59 62 64 66 70 74 79 84 87 96 99 110 120 128 136 147 159 172 193 217 240 267 299 328 385 454 515 600 699 853 1050 1346 1786 2405 3471 5395 9582 21596 86365 
115 36 37 37 38 38 38 40 43 44 46 50 56 59 62 66 70 77 80 84 88 94 99 107 118 123 137 150 163 178 192 218 238 269 298 340 385 437 506 595 720 856 1068 1357 1748 2411 3433 5404 9567 21587 86333 
116 30 31 32 35 37 39 47 48 49 54 56 59 64 67 70 72 75 79 80 85 90 99 104 114 123 130 144 160 184 202 222 242 265 291 330 378 445 509 598 716 871 1058 1341 1771 2418 3438 5376 9627 21645 86466 
117 34 36 36 37 41 46 47 50 51 52 54 54 57 59 65 67 69 74 79 87 91 100 112 118 134 139 154 166 177 193 210 236 260 283 331 380 450 512 601 704 852 1069 1359 1768 2390 3456 5414 9547 21587 86217 
118 34 35 36 39 40 42 43 45 46 46 49 52 53 59 62 69 71 78 83 92 101 104 111 118 126 137 146 154 173 191 212 238 264 308 349 381 438 496 589 711 874 1063 1358 1756 2411 3462 5403 9590 21514 86257 
119 34 34 34 36 39 40 41 44 46 50 54 56 59 61 65 70 76 80 85 90 93 101 107 119 129 139 148 163 177 188 206 240 277 299 341 380 441 510 589 704 865 1070 1344 1752 2412 3480 5406 9577 21601 86270 
120 34 35 35 38 41 42 43 45 46 50 51 54 59 59 64 66 70 78 83 86 97 103 113 124 130 140 144 157 174 193 218 248 268 296 329 376 434 506 603 721 855 1058 1346 1762 2407 3455 5366 9595 21540 86404 
121 31 34 35 35 36 37 39 41 47 50 52 54 57 61 65 69 78 83 90 92 99 105 115 118 124 134 145 157 172 190 211 237 271 296 343 382 439 502 601 730 875 1057 1328 1765 2419 3450 5400 9599 21602 86368 
122 34 35 37 37 41 42 42 45 46 48 50 53 58 62 66 70 75 80 84 87 93 103 107 117 132 138 146 159 173 189 213 237 260 293 328 389 434 504 596 713 869 1065 1345 1751 2396 3481 5352 9604 21672 86301 
123 32 33 34 34 36 38 40 42 45 53 58 60 64 64 68 71 76 80 83 90 92 95 104 116 124 138 148 160 181 202 221 251 275 301 333 366 433 513 618 727 875 1068 1318 1775 2408 3421 5412 9581 21637 86410 
124 33 35 36 37 38 40 41 43 44 48 52 56 58 62 67 70 73 78 84 90 95 98 108 117 122 136 149 164 181 193 217 236 274 301 331 387 441 502 590 703 866 1069 1348 1760 2412 3470 5411 9598 21595 86373 
125 33 35 36 38 38 41 42 43 48 54 56 58 62 63 63 69 71 73 82 86 91 97 105 114 125 137 155 164 178 200 217 241 265 290 327 390 442 495 600 720 863 1054 1342 1747 2395 3473 5393 9600 21603 86291 
126 38 39 40 41 42 43 43 43 45 45 49 52 53 55 58 65 74 79 84 92 95 104 110 120 130 136 145 154 168 186 213 227 268 304 348 389 440 503 584 716 867 1070 1344 1753 2388 3467 5374 9559 21635 86431 
127 34 34 34 37 40 41 44 45 49 53 59 63 66 67 69 73 74 80 85 89 92 95 102 113 121 136 153 168 177 196 216 239 266 297 332 382 426 509 601 718 864 1048 1348 1743 2390 3455 5403 9584 21623 86107 
128 34 36 36 38 42 42 45 48 50 50 53 57 57 58 62 66 72 77 85 88 93 100 105 120 131 140 149 163 181 195 213 236 260 286 331 373 442 512 598 713 862 1056 1332 1745 2376 3478 5385 9618 21568 86504 
129 37 38 38 38 38 38 41 46 47 49 53 56 56 58 61 66 71 79 85 95 101 105 111 121 129 135 146 159 175 191 208 241 259 305 342 382 442 510 599 711 868 1064 1349 1729 2384 3474 5368 9614 21559 86434 
130 36 37 37 38 38 42 43 44 46 47 48 53 54 59 65 72 75 80 87 90 93 101 109 116 125 135 148 160 180 194 216 237 274 303 342 383 428 509 600 719 865 1065 1345 1759 2397 3443 5390 9558 21613 86323 
131 35 36 37 38 41 42 42 46 48 49 50 53 55 60 61 64 71 75 85 91 96 110 118 123 131 137 148 159 168 180 207 240 273 305 345 384 440 496 578 704 883 1063 1346 1728 2397 3496 5381 9606 21630 86335 
132 32 33 36 36 39 40 43 45 50 53 54 58 63 66 68 69 71 74 81 88 94 103 110 121 127 137 147 164 177 195 221 239 264 299 337 377 431 507 593 715 869 1066 1331 1779 2414 3455 5398 9545 21669 86327 
133 32 34 35 35 36 39 41 43 47 50 52 58 59 63 66 69 74 78 88 89 95 99 106 116 127 137 147 162 177 194 219 242 262 302 328 383 441 515 598 712 859 1068 1347 1788 2392 3475 5354 9549 21618 86366 
134 35 36 36 38 39 41 44 45 45 46 48 49 52 59 66 72 76 81 84 90 98 103 114 121 127 138 149 156 170 184 211 234 267 307 333 387 441 494 591 718 878 1071 1331 1737 2414 3459 5344 9640 21585 86558 
135 32 34 38 40 40 41 43 44 47 49 54 58 60 65 65 67 72 73 79 87 94 105 110 119 127 144 154 169 178 197 209 239 263 294 348 391 439 502 590 700 856 1070 1360 1733 2396 3494 5392 9626 21470 86380 
136 30 32 37 40 41 42 45 48 52 54 55 56 61 63 67 71 74 77 79 82 88 98 103 114 125 141 154 169 181 199 214 234 257 289 324 371 433 513 597 720 871 1037 1341 1786 2397 3465 5414 9590 21488 86225 
137 34 35 38 41 42 42 46 48 50 52 54 58 60 64 65 70 74 78 83 90 95 101 107 116 126 138 153 167 185 199 219 237 258 290 331 364 449 520 601 699 850 1065 1352 1763 2395 3457 5419 9639 21518 86363 
138 33 35 35 35 36 36 42 44 47 51 53 55 56 60 67 71 73 81 84 92 94 99 108 114 127 139 150 164 179 196 211 237 266 293 336 390 437 506 591 713 861 1066 1354 1751 2384 3459 5428 9635 21626 86144 
139 34 35 36 37 39 40 44 46 49 51 54 57 60 62 68 69 73 79 84 87 95 102 108 118 122 133 144 158 186 195 220 235 264 301 341 378 434 501 579 720 873 1064 1326 1757 2401 3453 5366 9622 21574 86507 
140 34 36 38 39 40 40 43 46 50 50 52 53 55 59 62 67 75 79 86 89 98 102 112 124 128 138 148 157 171 191 205 236 260 306 349 381 434 497 584 706 870 1078 1350 1747 2398 3480 5398 9618 21573 86454 
141 32 32 34 35 38 38 38 46 47 52 53 57 59 60 65 71 75 79 87 89 95 103 112 118 122 133 140 155 164 189 218 248 278 297 330 374 422 490 605 726 887 1069 1308 1740 2453 3439 5363 9613 21709 86481 
142 32 33 35 36 37 39 42 43 45 51 54 57 59 63 67 72 76 84 86 89 92 97 104 122 128 137 146 154 172 190 215 243 271 302 342 386 441 506 582 714 873 1075 1338 1752 2403 3456 5403 9581 21657 86368 
143 31 33 34 37 38 42 45 46 46 51 53 56 63 64 65 72 76 79 80 87 90 97 107 115 123 135 144 158 176 194 219 243 266 298 332 380 445 510 601 708 862 1056 1336 1737 2411 3458 5396 9601 21599 86314 
144 33 34 36 37 39 39 40 41 44 49 52 55 58 61 67 72 76 80 82 90 93 106 111 116 122 133 145 160 171 196 213 241 264 295 348 387 431 500 585 712 866 1075 1354 1759 2396 3504 5399 9589 21546 86157 
145 31 34 37 37 39 42 42 45 45 47 52 55 56 60 67 71 77 81 85 89 94 103 107 117 123 139 151 157 168 189 212 241 278 306 342 390 436 499 584 709 875 1064 1326 1748 2421 3446 5373 9634 21639 86327 
146 32 32 33 36 39 41 45 46 48 52 54 57 60 62 64 69 76 77 78 84 94 100 103 113 130 136 146 165 180 200 210 239 268 292 331 382 440 516 607 726 852 1047 1327 1809 2394 3436 5428 9577 21563 86391 
147 32 34 35 35 36 40 44 45 46 52 53 57 61 65 68 71 74 78 83 86 96 103 109 123 129 140 150 161 175 195 212 237 264 302 341 389 445 503 584 716 870 1070 1360 1753 2371 3457 5373 9594 21582 86531 
148 38 38 38 41 41 41 43 44 45 47 49 51 54 59 63 66 71 81 88 96 100 108 113 120 128 136 147 156 171 190 215 243 268 305 346 387 427 498 585 718 887 1060 1338 1729 2424 3452 5369 9597 21630 86458 
149 31 31 32 34 37 39 45 48 50 52 54 56 59 62 65 69 74 79 82 88 92 98 107 113 126 140 151 165 184 200 220 235 266 283 324 386 443 511 592 717 863 1060 1360 1775 2386 3462 5413 9536 21525 86325 
150 34 35 41 43 44 45 46 46 48 48 52 54 56 61 67 70 74 80 85 90 94 99 107 119 129 139 152 166 179 193 213 238 267 299 337 390 455 508 586 694 856 1073 1366 1764 2378 3493 5354 9624 21547 86354 
151 34 35 37 39 40 41 44 44 46 47 48 54 59 62 64 68 72 76 83 86 94 106 116 121 130 140 153 159 173 193 218 241 265 309 348 393 439 509 581 700 880 1084 1349 1755 2383 3484 5364 9621 21593 86358 
152 34 34 34 36 37 38 42 43 46 48 51 57 59 64 67 71 79 82 87 88 92 99 107 116 126 139 151 161 176 200 220 251 271 293 324 373 423 519 602 722 857 1055 1343 1750 2420 3455 5402 9619 21682 86411 
153 32 34 37 38 38 38 40 43 46 52 52 56 60 62 64 70 72 77 80 87 92 102 111 120 126 137 147 167 177 191 216 237 266 290 331 376 435 519 609 713 850 1052 1344 1770 2394 3431 5401 9604 21588 86184 
154 38 38 37 38 39 41 42 47 48 51 52 54 56 58 65 65 72 80 83 92 95 101 110 118 127 140 152 163 176 192 209 239 272 302 344 381 440 507 587 712 876 1072 1324 1727 2424 3483 5321 9663 21654 86365 
155 34 36 39 40 40 41 43 44 46 49 51 51 56 64 67 68 77 80 85 88 98 107 112 115 123 136 144 160 177 192 216 244 272 301 341 385 440 502 597 702 854 1052 1372 1769 2379 3458 5415 9563 21502 86126 
156 35 36 37 38 39 40 40 42 45 45 51 52 55 58 62 67 71 78 86 92 104 109 116 123 125 133 148 160 175 192 212 234 271 306 339 377 426 505 583 720 882 1069 1325 1737 2432 3447 5302 9667 21747 86529 
157 34 34 35 35 39 40 42 44 48 48 53 56 56 58 61 67 74 80 88 91 98 101 109 116 122 137 151 166 181 198 220 237 258 294 333 369 430 507 605 724 871 1057 1324 1785 2417 3439 5419 9593 21672 86668 
158 31 31 32 37 38 40 41 45 47 48 53 57 61 63 67 71 75 80 83 88 96 101 106 116 127 137 145 158 180 195 216 242 272 292 330 383 444 508 596 716 863 1061 1333 1763 2406 3441 5441 9591 21688 86227 
159 32 33 34 36 39 40 43 45 47 53 55 60 62 64 67 69 78 80 84 86 90 96 110 119 125 138 152 166 183 194 214 238 261 296 322 371 446 525 608 712 854 1061 1354 1775 2384 3418 5397 9511 21546 86190 
160 34 34 35 36 39 43 46 46 50 50 53 53 54 61 67 70 73 76 86 92 98 104 108 116 122 134 144 157 172 196 215 237 275 313 342 376 434 498 577 709 874 1070 1344 1766 2407 3454 5366 9617 21555 86408 
161 33 35 35 36 38 40 42 46 49 53 55 57 60 63 66 71 74 77 81 86 95 101 108 111 120 127 144 161 177 198 217 246 270 291 330 365 433 513 608 714 867 1059 1321 1770 2401 3437 5378 9586 21628 86301 
162 34 35 35 36 38 39 44 47 47 50 52 58 60 63 67 72 78 78 84 88 96 100 106 116 126 134 147 164 183 198 221 239 269 302 342 382 434 507 598 711 874 1060 1358 1778 2404 3456 5417 9574 21501 86249 
163 32 34 38 41 42 43 43 44 48 50 51 53 57 62 65 67 70 76 84 87 91 101 112 123 128 138 152 164 177 204 221 240 265 294 329 374 437 512 605 725 856 1061 1347 1769 2416 3436 5440 9525 21686 86410 
164 35 36 36 36 41 41 43 45 48 49 51 53 58 62 64 67 70 78 80 89 93 101 114 120 127 134 144 166 186 200 213 245 268 297 334 383 443 513 602 721 859 1051 1347 1760 2391 3425 5389 9588 21573 86307 
165 34 34 36 37 41 44 49 50 50 52 55 57 61 65 67 67 70 73 78 84 89 100 113 123 136 141 152 161 181 196 214 234 263 287 336 387 450 519 596 704 850 1055 1359 1748 2392 3449 5379 9645 21562 86206 
166 32 33 36 36 38 41 45 46 49 54 55 57 64 65 68 72 77 80 84 90 92 102 106 112 125 134 145 165 175 193 219 241 265 290 334 389 448 512 600 711 856 1060 1362 1743 2391 3500 5363 9618 21552 86312 
167 36 36 38 38 39 40 41 42 42 46 50 55 58 60 64 67 73 78 83 93 100 104 112 118 124 132 140 156 171 190 208 239 263 291 342 387 437 499 593 715 869 1072 1343 1744 2389 3486 5376 9618 21484 86362 
168 34 36 36 38 41 42 45 46 49 50 53 57 59 61 64 67 74 80 83 89 94 103 112 122 130 138 144 162 181 199 217 240 256 296 339 383 441 511 597 709 871 1069 1350 1763 2408 3446 5402 9539 21544 86385 
169 34 34 35 39 39 42 43 47 51 53 55 56 57 59 62 65 72 81 85 90 93 97 104 117 127 141 155 166 178 195 210 231 255 294 349 390 450 517 601 702 851 1067 1353 1773 2362 3451 5409 9628 21474 86199 
170 34 34 35 37 39 38 38 40 42 47 50 50 55 60 67 72 79 83 86 91 92 104 110 118 128 133 136 150 178 204 222 245 272 308 345 385 429 498 603 717 868 1072 1333 1745 2405 3460 5337 9615 21556 86441 
171 38 39 41 41 43 46 46 47 51 53 55 59 60 60 66 68 68 71 78 84 92 107 113 119 127 141 153 166 172 193 210 233 258 292 336 385 447 514 600 711 853 1069 1345 1747 2393 3460 5392 9609 21552 86308 
172 33 34 35 36 39 40 45 47 49 51 53 55 61 63 65 69 72 73 78 84 91 100 111 124 132 145 157 168 181 191 210 232 253 292 341 402 453 524 601 696 852 1075 1369 1780 2367 3476 5418 9608 21564 86340 
173 33 35 36 40 41 42 45 47 48 49 53 55 58 61 65 68 74 74 78 84 92 99 112 120 129 138 150 165 180 194 215 233 261 297 339 388 443 513 597 714 848 1054 1362 1772 2378 3462 5396 9611 21603 86286 
174 31 36 38 38 41 42 43 47 50 52 53 56 59 62 65 70 75 77 79 85 92 97 110 117 129 138 147 163 171 199 221 239 261 292 331 386 439 504 606 711 875 1065 1335 1736 2422 3424 5382 9601 21610 86388 
175 33 36 37 37 39 40 41 42 46 47 50 54 60 64 65 69 76 80 88 91 96 103 108 115 122 129 138 154 177 204 226 250 274 303 332 373 435 501 602 713 881 1054 1329 1756 2411 3438 5374 9602 21647 86379 
176 35 37 37 39 39 40 41 43 43 49 51 56 57 64 67 69 73 79 84 87 95 101 110 126 132 134 147 159 175 186 211 241 269 296 338 383 442 516 591 713 849 1068 1362 1762 2388 3469 5351 9631 21488 86224 
177 33 34 38 40 41 42 43 47 49 51 54 56 57 59 62 65 72 78 83 86 93 103 114 122 130 140 151 166 183 194 213 233 267 300 332 384 435 511 603 709 865 1069 1337 1755 2403 3447 5372 9569 21565 86210 
178 33 34 36 38 39 41 42 43 45 46 48 50 51 58 64 67 74 79 90 94 100 105 111 116 122 128 141 158 170 192 217 247 281 306 336 381 437 495 586 710 877 1065 1314 1738 2433 3421 5328 9628 21622 86349 
179 31 32 33 34 37 38 44 46 51 53 53 57 60 60 64 68 75 81 86 89 94 102 106 118 126 136 145 158 176 190 219 241 264 295 338 378 438 505 601 721 874 1065 1336 1761 2420 3445 5371 9621 21571 86429 
