surface/epsilon 0.5 0.49 0.48 0.47 0.46 0.45 0.44 0.43 0.42 0.41 0.4 0.39 0.38 0.37 0.36 0.35 0.34 0.33 0.32 0.31 0.3 0.29 0.28 0.27 0.26 0.25 0.24 0.23 0.22 0.21 0.2 0.19 0.18 0.17 0.16 0.15 0.14 0.13 0.12 0.11 0.1 0.09 0.08 0.07 0.06 0.05 0.04 0.03 0.02 0.01 
0 35 37 37 38 39 41 42 45 46 49 51 53 57 58 63 65 68 75 83 90 98 103 109 115 128 135 146 156 164 188 210 239 273 306 337 379 434 504 574 688 850 1062 1346 1743 2360 3391 5342 9472 21243 85173 
1 32 34 37 39 40 41 41 44 45 49 52 56 59 61 65 71 72 76 79 84 89 94 106 118 133 142 150 163 174 193 215 235 261 288 322 375 434 507 595 710 844 1060 1319 1748 2372 3387 5324 9479 21360 85102 
2 32 33 35 36 40 41 43 43 47 50 54 57 60 62 66 70 74 80 83 89 93 99 109 114 121 131 151 160 175 187 208 230 258 301 336 371 433 502 588 702 835 1045 1332 1752 2387 3378 5321 9464 21292 85136 
3 32 32 34 36 37 38 40 44 48 51 54 55 58 62 65 69 73 75 78 86 98 104 111 120 126 135 145 156 169 187 213 242 265 294 331 375 438 497 580 696 856 1053 1333 1721 2366 3442 5315 9488 21188 85161 
4 30 33 35 36 36 40 43 46 49 50 54 60 60 63 67 70 75 78 80 86 92 101 106 116 125 133 146 161 172 189 216 235 263 299 327 375 432 503 589 697 853 1066 1318 1724 2372 3415 5312 9435 21268 85115 
5 34 34 37 38 40 41 42 47 48 48 54 56 59 64 66 72 74 78 83 86 93 98 105 109 122 135 151 162 180 199 217 232 258 291 331 377 429 509 595 714 849 1038 1320 1749 2361 3405 5337 9406 21252 85024 
6 33 33 35 35 40 41 45 47 50 50 52 54 57 60 63 66 72 73 80 88 97 101 109 114 123 131 143 163 177 195 213 230 260 286 338 382 430 497 588 707 855 1050 1325 1742 2381 3413 5378 9414 21370 85012 
7 32 33 34 36 36 40 42 43 44 48 50 55 56 60 63 72 79 81 85 90 96 102 106 116 121 131 140 162 177 199 221 240 265 293 319 368 426 504 587 707 870 1051 1311 1735 2378 3389 5318 9507 21334 85305 
8 34 34 36 37 40 40 42 44 46 47 49 50 55 59 63 67 75 81 88 95 99 103 110 114 123 130 141 156 169 192 213 246 270 299 342 377 422 485 571 700 871 1065 1315 1702 2367 3436 5284 9500 21306 85253 
9 31 33 36 36 37 38 41 42 46 50 50 54 63 67 70 72 73 75 77 81 93 100 106 114 117 133 141 157 175 197 216 250 268 295 323 372 418 495 602 723 857 1034 1320 1725 2395 3365 5334 9448 21365 85177 
10 30 32 34 37 38 38 41 43 48 50 55 58 62 66 69 73 74 79 85 86 93 96 102 108 115 134 147 161 176 195 216 236 258 285 328 365 426 500 616 720 855 1032 1312 1748 2408 3362 5380 9409 21386 84972 
11 32 34 35 39 41 41 45 48 49 52 53 55 57 60 65 66 72 76 78 84 92 100 107 120 132 142 148 162 176 186 210 230 257 289 334 384 440 515 587 686 858 1059 1340 1745 2335 3415 5331 9394 21212 84928 
12 30 33 33 35 36 36 41 47 50 53 58 59 62 63 65 68 71 76 80 89 96 102 106 111 120 133 148 160 179 194 212 239 264 284 326 370 432 507 598 707 860 1046 1332 1739 2355 3399 5307 9430 21377 85214 
13 35 37 39 39 40 41 44 48 51 52 54 54 54 56 60 66 74 78 84 89 97 103 111 118 121 134 148 161 172 187 199 236 269 298 329 381 432 503 586 692 849 1070 1325 1734 2359 3422 5315 9486 21282 85261 
14 34 35 36 38 38 38 45 45 49 52 53 56 59 63 64 66 69 75 81 85 89 104 111 119 127 140 150 163 174 199 210 230 262 302 333 380 443 500 584 702 829 1045 1343 1730 2351 3391 5344 9445 21233 85042 
15 30 30 30 31 37 38 44 45 47 52 55 60 61 62 63 70 76 78 81 85 92 99 108 116 122 132 142 155 181 198 210 236 267 289 323 368 429 503 595 701 851 1047 1333 1738 2358 3383 5354 9451 21338 85105 
16 31 33 34 36 39 40 42 44 47 51 53 56 58 62 65 70 73 79 81 86 92 100 107 115 123 130 146 160 176 198 213 235 271 300 331 366 428 504 593 697 849 1057 1327 1732 2390 3410 5321 9476 21281 85253 
17 36 38 39 40 40 40 42 43 45 47 48 53 59 61 67 68 72 78 83 91 97 104 113 118 122 132 140 152 171 192 220 237 268 292 335 372 423 493 592 716 865 1048 1318 1732 2400 3382 5283 9492 21351 85306 
18 34 34 34 35 36 39 41 42 45 45 50 55 58 63 67 70 77 79 87 88 92 98 106 113 121 131 141 156 174 197 219 242 265 299 326 364 430 500 602 721 853 1028 1327 1750 2370 3378 5352 9426 21302 85288 
19 33 34 34 37 40 42 44 45 48 49 52 55 58 61 66 69 72 74 85 89 93 101 111 117 122 130 146 165 178 191 205 238 267 294 330 379 433 496 593 704 853 1058 1331 1710 2381 3397 5315 9479 21238 85100 
20 34 34 36 39 40 43 46 47 48 51 53 56 58 62 66 67 68 70 76 83 96 102 109 114 125 135 151 166 180 187 208 236 259 295 336 376 438 504 600 707 853 1051 1323 1711 2395 3409 5307 9430 21317 85276 
21 33 34 37 37 41 41 43 44 46 48 51 53 57 58 63 65 73 75 80 87 93 100 107 116 127 138 148 159 174 186 203 231 252 289 338 390 442 505 587 693 836 1064 1347 1752 2367 3392 5296 9460 21213 85031 
22 31 34 36 39 42 44 47 48 49 50 53 55 59 62 65 66 69 71 78 81 89 95 106 115 130 138 153 167 181 194 212 233 258 290 329 372 426 497 595 700 848 1042 1324 1752 2369 3357 5333 9413 21278 85168 
23 33 35 36 37 39 39 44 44 48 50 51 54 59 62 64 67 73 80 83 88 94 102 114 117 125 135 149 160 180 193 208 233 259 292 330 385 434 496 585 707 858 1059 1342 1741 2364 3413 5303 9471 21245 85139 
24 35 36 37 38 42 44 44 44 44 47 51 53 56 58 61 65 73 76 81 91 95 101 109 115 121 132 145 159 172 191 210 233 270 299 334 372 431 505 586 694 852 1049 1323 1722 2372 3381 5308 9469 21238 85188 
25 35 37 37 40 42 42 45 45 46 49 51 55 58 60 63 67 70 73 79 87 92 104 111 123 132 137 150 158 175 187 212 240 264 290 340 383 439 503 580 696 859 1067 1335 1722 2352 3455 5293 9523 21169 85329 
26 32 35 36 38 39 42 42 45 46 49 52 55 58 61 67 69 73 77 81 89 94 102 112 119 127 139 148 158 170 185 203 229 262 292 339 390 426 495 588 697 865 1051 1348 1715 2371 3418 5304 9522 21315 85283 
27 30 34 36 37 41 44 45 47 51 53 53 55 58 62 64 67 69 75 78 84 87 95 103 111 123 142 157 171 186 194 207 225 255 281 325 378 447 512 593 702 838 1056 1338 1739 2350 3410 5310 9436 21244 85239 
28 33 34 36 36 37 38 39 42 44 48 52 56 60 61 64 69 73 77 85 90 96 106 111 113 125 138 143 155 174 190 213 238 267 292 339 377 420 504 593 700 871 1056 1331 1714 2362 3427 5281 9497 21270 85193 
29 36 36 36 36 36 37 40 42 49 50 53 54 58 60 64 66 73 74 80 86 94 101 109 115 123 136 141 155 174 191 211 236 265 288 331 375 440 511 591 695 831 1052 1328 1739 2364 3416 5313 9489 21214 85065 
30 31 33 34 37 40 40 42 44 44 50 52 56 57 60 64 71 73 79 84 87 93 102 108 119 125 133 144 158 175 194 208 236 269 297 326 367 431 508 604 710 847 1048 1325 1740 2370 3391 5312 9502 21263 85377 
31 30 32 33 36 39 40 42 42 48 49 51 51 55 60 64 70 75 83 87 91 93 99 102 110 122 128 145 154 175 196 212 231 270 296 331 373 428 497 589 701 855 1056 1325 1740 2376 3409 5327 9472 21313 85250 
32 34 35 36 36 37 38 41 42 47 48 50 50 53 58 65 74 77 81 88 92 98 102 108 112 125 134 144 159 175 192 212 243 265 299 334 368 425 500 592 706 855 1057 1330 1736 2396 3372 5337 9424 21299 85137 
33 35 35 37 37 39 39 39 42 44 49 52 56 58 62 68 69 73 78 82 87 93 101 106 111 123 137 147 160 174 193 217 240 266 298 336 376 429 498 596 705 851 1039 1333 1734 2357 3410 5303 9456 21314 85227 
34 35 35 35 36 39 42 43 44 47 48 53 56 58 62 64 68 72 75 78 84 93 104 107 113 124 133 151 166 176 199 210 236 262 293 330 385 438 502 595 702 842 1047 1336 1744 2377 3407 5320 9493 21247 85254 
35 36 37 37 38 39 39 40 42 43 45 50 51 54 55 63 68 70 79 85 93 99 105 109 116 125 134 143 152 173 191 213 234 262 290 339 384 430 493 578 709 867 1045 1325 1719 2386 3402 5309 9458 21228 85036 
36 35 36 38 39 40 40 41 45 46 47 49 51 57 59 62 67 70 77 85 91 95 104 110 117 131 132 147 160 171 189 209 227 258 297 335 384 436 504 582 683 847 1062 1329 1737 2353 3403 5358 9458 21300 85120 
37 36 37 38 39 42 45 45 45 46 47 52 54 58 61 63 67 71 77 78 84 90 96 110 119 130 142 148 155 169 189 209 228 258 293 336 377 443 505 581 685 864 1052 1330 1724 2355 3450 5287 9459 21217 85127 
38 34 36 37 38 41 42 42 42 43 45 49 52 58 61 67 70 73 76 81 88 96 104 108 113 128 136 146 163 173 184 205 235 266 298 342 381 433 488 586 700 856 1068 1324 1734 2352 3441 5280 9504 21204 85237 
39 31 31 31 36 38 39 43 45 53 54 55 59 60 62 66 70 74 75 81 89 94 102 104 114 120 135 149 162 177 192 218 235 259 296 330 376 418 507 602 702 848 1042 1339 1752 2346 3382 5355 9374 21252 84847 
40 33 34 37 38 39 40 42 45 46 48 50 52 59 60 65 69 71 76 83 90 94 107 112 120 125 136 143 158 173 187 213 239 265 296 334 371 433 503 586 710 853 1045 1314 1737 2369 3375 5327 9465 21396 85233 
41 33 34 36 37 40 42 43 43 46 49 50 53 54 57 59 69 73 79 86 90 93 100 103 111 120 130 150 164 178 196 213 236 255 297 332 374 426 494 591 706 854 1050 1339 1742 2349 3424 5313 9518 21280 85141 
42 33 33 34 36 37 38 41 42 45 45 49 57 59 63 66 72 78 81 83 88 92 100 105 114 124 133 142 160 178 197 213 242 263 291 326 376 427 499 596 719 846 1048 1318 1748 2360 3409 5328 9475 21249 85228 
43 36 36 38 41 43 43 45 45 47 47 50 52 53 57 61 67 72 79 84 88 96 99 113 119 130 140 147 158 169 183 207 226 257 297 344 393 446 495 571 688 861 1054 1345 1718 2345 3458 5274 9473 21166 85091 
44 31 34 34 37 37 40 42 42 43 48 50 56 59 64 70 72 76 80 82 86 89 95 99 109 124 135 150 162 179 198 215 238 265 287 322 366 436 511 604 710 851 1053 1332 1752 2376 3397 5309 9480 21344 85082 
45 29 30 33 35 40 42 43 45 47 50 51 54 59 65 69 70 74 77 81 86 90 94 99 110 123 138 150 165 182 196 215 245 261 282 314 367 444 511 591 700 846 1033 1327 1761 2362 3411 5367 9429 21313 85129 
46 30 32 35 37 40 41 42 46 49 51 52 56 59 62 67 69 70 71 78 87 95 100 105 112 125 133 148 160 180 193 210 238 259 296 323 377 436 506 594 705 846 1033 1341 1751 2356 3389 5317 9439 21221 85091 
47 32 34 34 37 38 40 43 44 45 48 51 56 58 61 68 69 75 80 80 89 92 95 105 112 125 135 149 159 172 193 213 245 264 289 329 371 429 501 596 704 854 1037 1347 1719 2358 3402 5369 9473 21265 85160 
48 32 34 35 37 40 42 44 46 47 52 55 57 58 62 66 67 73 79 83 83 90 98 104 113 124 136 147 165 180 199 212 239 260 286 327 369 436 505 593 694 849 1030 1315 1754 2359 3394 5344 9410 21230 85060 
49 32 33 36 38 42 42 43 44 45 48 52 56 58 62 67 69 74 81 85 90 93 97 101 108 123 140 148 161 177 190 211 235 264 295 330 370 422 502 586 696 849 1042 1323 1728 2362 3404 5330 9452 21283 85273 
50 36 37 39 40 42 43 43 45 47 48 49 53 57 58 62 63 70 75 81 87 95 102 113 119 125 139 149 161 166 183 203 230 266 301 345 386 439 508 578 692 841 1065 1346 1737 2350 3418 5283 9462 21238 85024 
51 34 34 37 38 40 40 43 44 47 48 48 52 54 62 63 71 75 80 82 90 97 98 104 112 124 136 151 163 174 193 207 233 258 291 336 375 428 497 591 696 851 1054 1335 1735 2355 3430 5345 9468 21224 85203 
52 34 35 37 38 38 39 42 45 48 49 53 55 57 60 63 66 68 75 81 90 96 101 114 123 128 138 147 157 165 186 209 234 266 295 338 378 429 505 597 700 842 1060 1319 1730 2375 3401 5353 9460 21303 85143 
53 33 34 37 37 38 41 43 43 44 47 48 51 55 60 66 70 76 79 89 93 95 102 107 113 123 131 142 155 163 189 218 241 271 292 332 379 422 486 591 712 865 1052 1310 1706 2397 3413 5304 9492 21353 85237 
54 34 35 37 37 40 42 45 46 47 47 50 53 57 61 68 70 74 76 83 89 96 104 108 120 127 135 145 159 166 187 211 232 273 302 334 373 429 489 572 706 870 1072 1323 1727 2350 3444 5298 9462 21182 85193 
55 33 34 35 38 40 43 43 46 46 48 50 52 57 61 62 67 73 78 81 83 91 99 104 117 126 137 150 162 169 187 210 236 263 295 331 384 441 507 590 704 844 1049 1333 1738 2358 3396 5327 9459 21235 85128 
56 35 35 36 39 41 45 48 49 50 51 53 55 56 60 66 69 71 75 79 85 89 97 106 114 127 135 148 170 179 193 207 226 257 293 333 374 434 501 595 697 841 1042 1324 1736 2368 3397 5325 9416 21312 85136 
57 36 37 38 39 40 41 45 46 48 49 49 50 55 60 65 69 73 75 80 89 100 103 106 117 123 135 145 153 175 194 211 239 272 297 333 382 436 491 581 705 870 1067 1326 1726 2365 3415 5279 9531 21314 85266 
58 31 33 36 37 39 40 44 45 49 52 55 57 59 59 63 67 76 80 84 87 93 101 109 117 123 131 145 156 172 193 216 243 265 291 329 371 423 498 598 725 857 1035 1323 1712 2396 3389 5292 9476 21367 85070 
59 33 35 36 36 37 39 40 43 46 49 54 56 56 63 67 68 72 74 83 87 93 101 110 117 128 136 148 157 174 196 216 235 261 294 327 383 439 496 585 714 852 1052 1338 1743 2371 3404 5286 9463 21240 85159 
60 33 33 35 36 37 39 43 44 47 49 51 53 59 62 63 65 70 78 80 87 88 98 105 115 124 133 142 162 172 192 219 235 256 297 329 376 439 507 584 708 850 1045 1331 1750 2371 3365 5367 9453 21356 85150 
61 32 33 35 37 40 42 46 49 49 51 53 56 61 64 68 70 72 76 80 82 89 98 106 115 123 137 148 167 182 190 210 232 259 293 331 370 446 494 585 708 850 1057 1333 1708 2382 3390 5309 9494 21156 85141 
62 29 34 36 37 40 43 45 46 49 52 53 54 57 61 64 67 74 77 83 88 95 100 106 114 125 135 144 161 177 190 210 235 263 298 332 383 436 503 584 700 872 1043 1324 1747 2388 3360 5321 9485 21339 85341 
63 31 32 34 36 37 39 40 41 42 45 53 56 56 61 68 72 76 80 83 88 90 99 107 112 121 132 140 159 173 193 214 243 274 301 334 369 427 496 596 715 862 1039 1311 1733 2371 3393 5348 9431 21375 85210 
64 34 36 38 38 40 41 44 45 48 49 51 54 58 61 64 70 73 75 79 83 94 103 109 122 128 135 145 163 170 184 213 240 259 289 336 376 432 502 582 687 851 1068 1323 1737 2364 3431 5287 9480 21320 85248 
65 32 34 36 37 38 40 44 45 48 50 54 56 59 63 67 71 76 78 79 81 84 86 101 114 124 138 156 161 179 193 215 241 265 288 321 378 432 509 593 703 837 1053 1343 1739 2345 3394 5346 9496 21282 85110 
66 33 33 34 35 38 40 41 43 45 48 54 59 62 65 66 73 74 78 81 83 93 99 105 109 122 128 141 156 179 199 219 247 264 291 324 365 428 504 608 714 863 1041 1324 1748 2395 3368 5338 9441 21347 85107 
67 31 32 35 36 38 41 42 46 50 56 57 61 62 64 65 67 68 72 77 85 88 94 107 117 130 143 152 169 175 190 213 232 257 284 324 379 439 507 585 704 836 1038 1344 1752 2342 3426 5304 9432 21259 85019 
68 33 35 35 37 39 40 41 43 46 48 51 55 61 65 68 68 69 75 79 86 91 94 101 113 124 135 149 158 178 194 211 228 258 289 338 385 435 496 604 709 842 1042 1325 1745 2362 3442 5323 9492 21279 85316 
69 34 36 36 37 38 39 41 49 51 52 54 57 62 65 68 71 73 77 80 83 89 99 105 114 125 133 145 152 176 199 217 238 268 294 321 371 425 500 589 718 854 1047 1325 1719 2361 3407 5330 9451 21305 85220 
70 34 35 35 37 38 40 40 45 47 48 51 57 59 63 67 69 75 82 89 92 95 98 101 108 119 127 141 157 182 196 219 241 270 298 327 367 422 496 588 718 856 1036 1305 1743 2399 3387 5361 9413 21338 85068 
71 32 34 36 37 37 40 43 46 49 52 55 56 57 61 63 65 73 76 83 86 94 99 106 113 125 136 148 158 175 194 213 237 260 293 333 371 436 510 588 710 853 1058 1323 1731 2346 3423 5296 9470 21204 85265 
72 32 33 33 36 38 42 42 47 50 50 52 56 59 63 66 68 73 76 80 84 89 94 105 114 125 132 145 161 179 191 214 232 251 286 328 375 442 512 603 704 846 1037 1333 1732 2362 3413 5321 9433 21299 85241 
73 32 32 33 34 36 38 43 46 50 51 53 55 61 62 66 70 73 79 82 87 92 97 104 108 118 131 149 161 182 198 216 239 271 293 320 363 416 508 602 709 860 1024 1315 1752 2374 3380 5372 9399 21384 85087 
74 35 36 37 38 38 40 41 44 47 51 51 54 56 59 63 67 71 77 85 90 92 99 110 116 125 134 145 154 172 192 212 237 266 293 329 375 426 488 591 695 864 1044 1329 1721 2377 3404 5303 9473 21313 85223 
75 33 33 34 37 37 39 40 40 45 49 52 53 56 58 64 68 73 79 88 94 97 103 107 117 123 133 136 156 169 187 214 240 269 302 337 382 425 490 585 694 872 1059 1318 1714 2375 3435 5263 9498 21305 85165 
76 30 30 30 35 39 40 42 44 46 49 56 57 60 64 67 70 71 75 79 82 91 101 107 117 124 132 151 166 182 195 215 239 257 287 323 368 428 513 616 718 838 1038 1321 1757 2371 3378 5380 9429 21290 84966 
77 33 35 35 37 38 42 45 45 48 49 51 51 55 59 62 66 74 79 84 84 93 98 106 115 127 135 146 160 181 195 214 229 258 298 328 374 431 503 584 693 840 1053 1331 1746 2350 3398 5325 9409 21276 85055 
78 33 34 37 41 42 45 47 49 50 52 56 59 60 63 64 67 70 73 78 82 90 99 105 115 128 136 153 165 175 192 208 225 256 288 338 380 443 512 587 690 851 1053 1335 1755 2328 3421 5324 9449 21246 85020 
79 30 31 33 35 40 42 44 44 49 49 51 52 57 63 64 69 74 80 81 86 91 99 108 116 124 130 145 156 172 196 211 233 257 292 323 375 435 500 597 701 850 1055 1331 1758 2373 3393 5323 9447 21260 85116 
80 34 34 35 39 41 41 43 44 46 48 53 57 59 65 66 67 70 81 83 91 94 95 104 112 120 127 138 155 177 196 216 240 263 299 336 376 427 504 591 701 846 1056 1333 1742 2357 3375 5329 9461 21312 85135 
81 34 34 34 35 40 40 41 42 46 47 51 52 55 56 62 71 76 78 83 92 100 103 109 114 126 134 143 156 172 186 212 228 268 302 344 377 422 496 588 718 863 1067 1338 1711 2369 3420 5281 9510 21223 85238 
82 35 35 37 38 41 43 44 45 45 46 50 53 53 57 61 67 72 76 79 83 91 97 110 120 137 147 151 160 174 188 204 222 260 302 339 382 444 513 588 694 835 1057 1340 1740 2347 3418 5296 9454 21218 85113 
83 36 36 36 38 38 39 40 43 46 48 50 52 54 59 63 67 69 76 83 85 89 102 112 119 130 138 146 155 172 186 211 234 264 299 338 381 434 498 587 700 855 1066 1321 1716 2376 3449 5292 9496 21281 85170 
84 34 34 37 40 41 42 42 44 47 49 50 52 55 60 63 66 74 79 84 91 98 101 110 115 130 139 147 157 177 194 211 235 263 295 334 379 428 499 581 707 853 1062 1337 1743 2358 3416 5318 9488 21219 85257 
85 31 32 34 35 36 38 39 43 47 50 53 59 62 66 71 75 76 79 82 87 92 98 103 110 119 131 143 160 184 205 221 244 266 290 331 367 420 508 602 719 844 1044 1333 1746 2366 3382 5321 9463 21355 85322 
86 31 32 32 35 37 41 42 45 48 49 50 54 59 62 66 68 72 75 79 84 90 93 107 114 125 136 148 162 177 198 213 237 265 292 320 374 432 510 589 710 850 1055 1316 1743 2345 3391 5291 9491 21199 85082 
87 31 35 36 37 39 41 45 46 47 48 51 54 56 57 60 67 71 78 82 86 91 96 107 118 128 140 147 163 179 193 210 228 261 288 329 379 449 503 581 698 848 1062 1345 1731 2348 3426 5300 9492 21254 85151 
88 34 36 36 36 40 42 44 46 48 49 49 55 57 59 63 69 72 78 81 88 92 102 110 118 126 134 147 157 175 194 213 233 260 295 338 381 429 501 577 697 849 1049 1329 1740 2345 3430 5307 9461 21245 85237 
89 35 37 38 38 38 40 42 45 47 50 52 56 58 61 62 66 69 74 80 85 90 101 112 119 129 139 147 158 172 189 207 231 261 300 333 389 443 506 585 697 825 1055 1350 1726 2359 3412 5316 9442 21198 85065 
90 31 31 31 37 37 40 43 43 43 48 55 59 63 66 71 75 76 81 83 86 90 94 99 109 122 137 149 164 183 202 217 241 265 291 322 373 421 496 611 717 850 1033 1317 1754 2375 3377 5393 9378 21443 85149 
91 32 33 38 39 42 43 45 48 51 52 52 56 57 60 63 68 71 78 82 86 89 96 104 116 126 138 146 159 174 193 214 236 265 297 334 381 438 504 594 710 853 1047 1323 1729 2355 3384 5341 9444 21275 85076 
92 34 36 37 39 41 46 47 49 49 49 51 51 55 60 63 64 68 74 80 86 97 104 108 117 127 142 151 162 179 192 213 235 254 289 335 380 443 516 593 714 844 1039 1345 1749 2364 3386 5345 9391 21271 85083 
93 32 33 35 37 38 41 42 46 47 48 52 54 57 60 61 67 76 79 84 90 93 99 105 115 121 130 146 164 179 194 208 239 260 296 335 384 425 496 579 719 853 1051 1336 1725 2369 3403 5332 9480 21263 85379 
94 33 34 36 37 37 38 38 42 45 47 50 55 59 61 66 68 70 76 83 91 95 100 104 108 123 135 144 158 175 190 209 241 265 295 329 367 433 505 592 693 866 1046 1320 1754 2393 3383 5327 9450 21276 85009 
95 35 36 37 39 39 41 42 43 46 49 53 54 58 62 65 68 70 76 80 84 92 100 110 118 130 140 153 162 174 186 205 233 256 293 336 376 434 519 601 700 829 1049 1340 1747 2338 3383 5372 9425 21287 85054 
96 32 35 37 39 41 43 44 46 49 51 53 54 55 59 66 69 72 75 80 85 91 102 113 117 124 135 150 160 176 191 208 231 263 289 330 378 435 504 596 709 850 1037 1329 1729 2361 3423 5336 9397 21270 84908 
97 33 35 37 39 41 45 47 49 49 49 51 53 57 61 64 66 68 76 80 87 90 98 109 117 127 137 149 165 180 195 210 230 264 295 330 385 442 501 578 706 851 1048 1336 1745 2349 3385 5311 9469 21311 85218 
98 30 32 32 33 37 42 46 48 49 52 56 60 62 63 64 69 72 77 83 88 92 98 103 114 121 136 145 162 174 193 213 235 252 290 331 378 439 510 595 706 849 1049 1322 1760 2372 3395 5311 9459 21295 85107 
99 34 35 35 35 36 39 43 43 46 48 51 52 57 61 68 72 76 79 84 87 92 102 106 114 125 136 146 155 173 194 215 246 265 295 336 376 434 495 588 709 868 1035 1317 1732 2381 3402 5356 9444 21301 85184 
100 34 34 35 35 36 38 42 43 43 49 52 53 55 61 66 69 72 74 82 93 97 106 110 117 123 134 145 157 176 190 208 236 262 294 340 385 435 506 582 695 860 1052 1335 1725 2341 3432 5304 9477 21180 85151 
101 36 36 37 39 41 43 48 48 50 51 52 54 54 58 61 64 73 78 80 88 95 103 108 118 129 140 149 165 173 185 201 232 266 303 348 384 437 497 580 693 857 1066 1314 1708 2368 3430 5286 9479 21266 85144 
102 35 36 37 38 39 40 43 45 46 50 54 55 59 60 63 65 72 76 79 86 95 105 110 116 126 137 148 159 176 195 214 236 260 287 321 379 427 502 589 713 862 1033 1332 1745 2347 3401 5293 9461 21232 85137 
103 34 35 36 36 37 41 41 44 46 48 48 54 58 63 65 70 76 84 87 87 93 96 105 112 119 134 141 157 177 189 209 240 273 298 328 373 433 496 593 707 859 1037 1320 1743 2404 3427 5317 9474 21354 85264 
104 32 34 36 37 40 40 43 44 46 48 51 53 56 59 63 68 73 77 83 87 96 101 107 118 127 140 149 163 175 189 205 235 261 295 325 379 435 505 590 699 860 1052 1319 1751 2368 3388 5327 9460 21296 85187 
105 34 37 37 39 40 40 41 44 45 47 50 54 55 61 62 64 68 75 83 95 100 105 111 117 127 135 140 151 167 184 201 234 262 299 337 383 428 501 579 684 858 1073 1332 1712 2334 3422 5285 9488 21230 85154 
106 33 34 34 36 40 43 44 44 48 51 51 52 55 63 65 68 72 76 81 89 94 100 113 119 127 137 147 157 174 190 212 236 259 285 330 385 443 510 588 694 842 1064 1336 1737 2355 3415 5309 9450 21282 85120 
107 35 35 38 40 41 42 46 48 48 51 54 55 56 58 65 68 73 75 79 88 94 99 107 116 127 141 151 161 177 191 207 234 260 295 342 378 434 496 594 712 864 1053 1315 1730 2356 3427 5278 9473 21286 85079 
108 31 32 34 35 37 40 43 46 48 50 53 59 62 66 71 74 76 76 79 81 89 92 100 107 124 139 150 168 178 203 219 240 259 282 318 367 433 515 602 720 843 1048 1313 1750 2383 3349 5340 9439 21285 84986 
109 31 35 36 38 40 43 44 44 46 49 53 54 56 59 63 69 70 79 81 88 92 99 109 121 129 135 147 161 176 194 210 231 266 298 330 377 442 500 587 704 860 1056 1331 1721 2347 3437 5309 9455 21167 85267 
110 34 35 36 37 37 39 41 44 46 47 51 53 58 61 67 70 70 79 83 91 96 101 109 114 124 134 142 152 172 194 216 236 267 298 333 375 441 500 585 706 846 1060 1333 1726 2378 3447 5277 9497 21242 85127 
111 34 35 36 36 37 38 41 43 47 47 51 54 55 61 66 71 75 82 84 89 97 102 105 115 120 129 140 159 174 187 218 241 258 291 322 373 426 496 595 717 853 1037 1320 1754 2417 3338 5323 9456 21373 85175 
112 34 34 36 42 43 44 44 47 47 48 51 53 54 57 63 69 74 80 84 88 95 102 107 118 127 137 149 161 178 185 205 229 254 299 345 385 436 497 582 699 843 1062 1352 1727 2348 3441 5302 9440 21189 85069 
113 32 35 35 36 39 42 47 48 48 49 51 52 55 61 63 65 67 70 75 84 92 98 110 120 128 137 148 160 177 186 209 234 258 283 327 370 439 501 584 698 845 1054 1338 1754 2335 3418 5335 9441 21264 85091 
114 35 35 36 39 41 41 41 45 46 49 53 54 57 60 62 63 70 75 81 88 93 102 116 121 128 139 143 154 167 186 203 230 256 296 338 383 436 505 590 696 847 1071 1336 1731 2374 3372 5343 9439 21265 85105 
115 34 36 37 39 40 41 43 44 46 52 54 54 58 62 63 67 72 76 80 85 95 102 108 117 127 136 143 159 181 196 218 236 259 286 328 372 434 505 592 703 850 1051 1327 1728 2365 3397 5338 9441 21332 85233 
116 35 38 39 41 42 43 44 44 46 46 47 47 52 58 61 66 71 75 83 88 97 107 117 123 128 134 140 153 172 186 203 237 266 295 331 377 432 499 583 701 856 1060 1323 1733 2386 3388 5318 9443 21296 85130 
117 35 38 38 40 42 45 46 47 49 51 52 55 58 61 62 65 68 74 80 87 95 104 109 117 127 138 148 160 181 192 211 231 253 292 327 378 435 509 587 705 838 1062 1324 1743 2373 3387 5309 9475 21190 85220 
118 31 32 34 37 39 40 43 43 47 52 54 58 62 63 63 66 70 73 79 88 93 103 109 113 123 130 147 164 185 196 214 242 258 288 324 374 434 503 602 712 854 1042 1324 1743 2358 3381 5324 9461 21279 85213 
119 34 35 36 38 39 41 44 45 46 49 51 56 60 65 68 70 74 80 83 87 94 98 101 113 125 137 149 161 169 192 212 236 269 302 330 372 437 515 591 697 857 1057 1322 1737 2384 3388 5324 9526 21254 85214 
120 31 34 33 35 42 43 43 44 47 48 52 53 58 62 66 71 72 74 79 86 92 99 112 119 126 135 152 163 176 190 212 234 257 286 330 377 443 503 590 704 851 1041 1335 1734 2375 3392 5331 9492 21328 85273 
121 33 35 36 37 37 43 43 44 46 47 47 49 55 58 62 69 76 81 89 93 94 100 107 119 125 132 147 160 174 188 207 235 268 294 333 380 431 495 590 696 851 1053 1332 1733 2368 3400 5301 9421 21255 85086 
122 32 32 33 36 37 38 39 40 42 48 52 53 57 65 70 73 74 79 84 91 96 104 107 111 120 126 140 159 176 195 219 243 261 293 334 380 423 505 588 710 858 1036 1316 1727 2372 3426 5295 9463 21370 85307 
123 32 34 35 36 41 42 44 44 46 50 52 55 58 60 66 73 76 78 80 88 91 95 106 112 124 134 155 168 179 191 210 234 262 298 329 382 437 495 577 701 853 1065 1335 1730 2348 3403 5323 9500 21239 85103 
124 34 36 37 39 41 44 47 48 49 50 53 55 58 59 61 63 69 73 79 83 88 97 111 121 129 142 149 162 173 187 205 225 253 293 333 384 449 518 590 684 835 1038 1339 1732 2349 3441 5333 9418 21210 85187 
125 33 33 34 35 35 37 43 46 47 48 48 54 55 59 64 70 76 79 85 89 97 101 107 116 124 130 141 157 176 190 205 228 265 299 338 372 432 504 590 707 843 1057 1317 1737 2388 3398 5287 9518 21289 85178 
126 32 34 35 37 38 40 40 45 46 49 51 55 59 63 64 67 71 76 82 90 93 99 111 116 122 133 142 157 174 188 213 235 269 301 338 378 433 506 588 698 860 1049 1349 1713 2363 3408 5373 9483 21237 85100 
127 29 29 31 34 36 39 41 46 47 51 53 57 61 62 70 70 78 82 85 88 90 98 104 112 122 129 146 164 183 199 214 235 262 292 327 364 432 499 590 712 866 1036 1316 1751 2388 3367 5344 9473 21350 85094 
128 34 35 35 37 39 43 45 47 50 53 54 55 58 59 62 65 69 75 84 89 91 94 105 117 132 142 154 170 183 193 208 227 256 290 336 381 443 508 591 697 838 1049 1345 1737 2340 3415 5355 9458 21225 85107 
129 34 34 34 38 39 40 43 44 48 48 49 54 59 63 69 71 76 77 81 89 94 103 107 113 126 136 147 155 173 194 213 237 261 289 337 377 430 510 585 706 855 1059 1329 1734 2352 3406 5284 9493 21213 85160 
130 33 34 38 41 42 45 45 47 49 50 51 52 53 53 56 60 68 76 83 91 97 106 114 119 129 138 153 157 172 185 201 226 256 294 334 386 442 494 571 687 868 1064 1333 1738 2343 3459 5296 9459 21263 85018 
131 36 37 37 39 40 40 43 44 45 48 50 52 55 57 61 65 75 79 85 87 95 102 112 124 130 138 152 163 171 180 204 228 257 310 343 385 432 504 580 690 850 1069 1345 1700 2356 3442 5317 9457 21262 85208 
132 33 33 36 36 36 39 40 41 44 48 51 57 61 61 64 70 73 76 83 90 96 103 108 114 122 128 140 157 166 193 215 234 268 302 336 373 430 498 577 705 861 1060 1321 1716 2355 3414 5319 9426 21309 85140 
133 35 35 37 38 40 44 45 47 47 49 53 55 57 64 65 70 74 78 83 86 94 100 106 114 124 137 145 163 179 190 211 234 259 296 334 375 427 494 597 711 856 1039 1333 1730 2380 3396 5320 9462 21241 85091 
134 33 36 38 39 40 43 45 46 47 49 53 57 57 61 63 70 74 75 84 89 93 97 109 115 126 139 149 163 177 195 216 228 251 283 332 379 444 518 597 699 837 1041 1323 1760 2334 3397 5345 9390 21252 84960 
135 33 34 36 37 40 45 46 48 50 50 52 54 58 60 64 68 70 75 83 89 95 101 108 117 128 138 148 157 169 191 212 235 268 298 335 383 432 495 590 698 864 1060 1338 1711 2362 3416 5304 9450 21203 85056 
136 33 35 38 39 40 44 44 46 47 48 50 54 59 62 65 68 73 78 81 84 89 97 110 120 129 138 148 161 176 195 215 231 258 287 331 379 438 502 583 698 851 1064 1336 1730 2346 3430 5322 9480 21275 85169 
137 32 35 36 36 37 42 44 45 47 50 53 56 58 64 64 66 69 73 82 89 97 101 109 114 125 133 144 159 183 199 215 237 262 292 330 371 434 507 592 709 868 1043 1309 1728 2374 3403 5329 9459 21275 85159 
138 33 35 35 36 38 39 41 45 48 50 51 54 59 62 64 69 73 78 83 85 91 94 100 110 123 137 144 160 176 192 211 236 263 298 328 363 421 510 604 705 846 1048 1309 1744 2372 3400 5311 9473 21250 85256 
139 33 35 35 36 39 41 41 43 45 48 48 55 57 65 66 68 72 76 82 87 91 96 105 117 126 136 149 162 177 189 204 230 261 295 333 380 446 507 591 690 843 1052 1349 1730 2328 3417 5331 9465 21210 85201 
140 32 32 33 35 38 39 41 44 47 50 54 58 64 68 70 72 73 76 80 85 92 96 104 110 122 133 144 162 184 195 215 232 257 285 331 378 442 504 598 695 846 1053 1325 1761 2361 3394 5329 9437 21327 85099 
141 32 33 35 39 41 42 44 45 46 46 49 52 58 62 64 68 72 76 83 87 96 99 108 114 125 136 147 159 180 192 209 227 260 285 338 386 431 492 599 713 844 1029 1327 1764 2355 3392 5342 9402 21332 84962 
142 31 31 33 34 38 41 42 44 46 49 53 57 61 66 70 71 73 81 84 86 90 96 102 111 119 129 145 160 184 195 218 242 262 296 326 374 429 502 596 716 857 1039 1317 1752 2390 3361 5344 9449 21384 85161 
143 32 33 36 36 38 38 41 42 46 49 51 54 60 63 68 71 74 78 82 87 92 101 109 116 124 132 144 157 171 197 213 237 266 296 326 374 436 509 588 704 843 1042 1343 1759 2347 3383 5322 9439 21255 85092 
144 34 34 36 38 40 41 42 43 46 46 48 52 56 60 63 68 71 76 83 90 92 103 111 117 126 136 149 158 172 189 214 236 263 291 337 378 439 497 589 709 852 1052 1323 1725 2377 3391 5356 9460 21426 85122 
145 32 33 34 37 38 40 41 43 45 50 52 54 59 61 66 72 76 78 83 87 90 95 106 109 121 136 148 161 180 198 218 240 260 290 324 374 431 497 598 709 865 1039 1309 1745 2378 3400 5301 9462 21272 85237 
146 32 33 34 35 39 41 44 46 48 50 50 57 58 61 65 67 68 73 82 89 94 105 113 118 122 133 147 165 178 191 213 238 262 290 330 372 441 499 589 713 850 1048 1316 1747 2387 3387 5296 9427 21331 85173 
147 32 35 36 38 38 43 43 44 44 48 50 50 54 58 62 65 72 75 80 89 96 99 113 118 127 136 142 154 167 188 208 238 269 300 337 383 431 493 573 695 853 1061 1307 1723 2370 3422 5318 9419 21306 85209 
148 36 38 39 40 40 43 45 46 47 48 48 49 50 53 59 65 71 76 83 89 100 105 115 123 128 135 146 157 169 186 200 221 268 297 342 390 441 501 570 692 846 1082 1342 1722 2345 3447 5278 9534 21204 85177 
149 32 32 35 39 42 42 44 46 47 49 50 52 53 60 64 70 75 79 83 87 95 103 111 113 118 130 146 162 175 188 211 239 266 298 336 382 429 497 585 701 860 1053 1307 1741 2373 3383 5319 9441 21288 85086 
150 34 36 36 38 40 41 42 43 49 50 54 55 58 61 63 68 70 78 82 88 92 100 104 115 124 128 144 164 180 193 211 232 261 292 338 374 428 504 599 701 854 1030 1317 1743 2368 3402 5308 9480 21272 85081 
151 32 33 33 33 39 39 42 44 45 45 47 50 56 63 67 69 70 77 85 90 95 101 108 115 126 137 146 162 176 193 211 237 261 288 329 373 430 510 591 700 844 1039 1330 1748 2380 3379 5347 9448 21257 85167 
152 31 34 35 38 40 41 44 48 48 50 51 53 60 62 65 65 67 77 80 86 94 98 109 119 126 135 149 160 179 193 213 232 262 296 327 379 435 504 581 696 852 1054 1320 1733 2349 3423 5320 9453 21300 85077 
153 35 37 37 38 39 40 42 44 45 45 47 51 54 59 65 70 75 85 88 91 97 101 107 114 124 132 143 157 175 186 209 242 264 296 342 385 433 488 574 702 858 1052 1313 1721 2383 3413 5289 9495 21378 85247 
154 31 33 33 34 38 38 42 45 47 50 51 56 57 62 66 69 73 80 84 88 96 100 107 115 122 137 145 157 179 195 225 238 255 286 326 376 430 499 582 714 856 1038 1319 1739 2358 3405 5330 9407 21251 85178 
155 36 36 37 39 42 42 45 45 49 51 52 55 57 58 61 69 70 77 79 85 94 101 108 117 124 135 151 162 182 196 209 227 258 285 339 395 440 503 577 707 844 1051 1350 1749 2343 3402 5323 9425 21212 85139 
156 33 34 36 38 38 40 41 42 44 46 52 53 59 63 64 70 72 77 80 88 95 100 105 116 121 138 143 156 173 188 213 244 270 294 334 378 432 495 586 708 859 1047 1313 1738 2389 3393 5311 9467 21301 84943 
157 33 33 33 35 36 41 46 46 49 51 52 55 57 62 66 70 76 82 83 88 92 98 105 112 122 136 147 163 179 193 205 230 261 293 332 381 437 511 605 702 832 1052 1339 1755 2358 3387 5340 9455 21264 85211 
158 34 34 34 34 39 39 43 44 46 47 51 52 56 59 67 69 76 81 85 92 96 102 108 117 126 134 146 159 180 194 214 232 262 300 332 378 435 497 581 701 846 1043 1335 1737 2365 3417 5339 9430 21281 84955 
159 32 33 36 38 38 40 44 48 49 51 54 59 61 64 66 67 70 74 75 86 96 104 111 116 126 136 147 161 168 188 210 234 259 296 338 388 427 493 583 699 854 1053 1337 1728 2353 3436 5321 9489 21169 85006 
160 33 33 33 35 36 38 41 44 46 48 49 54 59 61 65 68 77 81 87 88 96 99 108 114 124 133 145 152 168 189 214 240 264 298 330 383 426 500 585 709 862 1059 1322 1726 2363 3379 5344 9445 21346 85332 
161 34 34 34 36 37 38 39 43 45 48 50 52 57 59 63 71 77 80 83 88 95 102 109 117 125 131 141 153 173 196 210 238 268 298 335 377 433 495 585 709 854 1057 1333 1727 2354 3397 5290 9465 21213 85211 
162 35 37 38 40 41 41 42 45 48 51 52 53 55 58 62 70 73 76 81 90 91 98 109 115 128 137 148 162 174 194 207 230 252 283 337 372 426 508 588 714 845 1046 1337 1753 2351 3379 5317 9443 21317 85121 
163 31 34 39 39 40 42 42 43 45 48 49 51 54 59 63 67 70 78 84 88 94 98 106 113 123 136 151 161 179 193 210 234 261 299 338 374 438 505 598 698 854 1049 1324 1753 2344 3417 5340 9440 21238 85195 
164 31 31 33 36 38 41 44 47 49 50 55 57 61 65 66 72 72 77 82 89 92 98 106 113 122 132 148 164 172 192 212 241 268 292 328 375 429 494 583 702 866 1043 1311 1733 2364 3383 5333 9492 21373 85140 
165 32 35 36 37 40 43 45 46 48 52 54 61 63 65 67 68 70 74 77 84 90 96 100 114 121 135 152 167 179 196 218 232 259 291 334 377 433 506 602 708 847 1043 1326 1741 2369 3398 5315 9437 21362 84976 
166 34 35 36 38 41 41 44 46 49 52 53 54 55 56 61 67 74 77 83 90 91 99 107 115 129 135 143 162 177 196 216 232 260 296 326 378 432 508 589 692 853 1046 1319 1746 2360 3392 5283 9428 21246 85048 
167 32 32 34 35 36 38 41 45 49 53 57 59 60 64 67 72 74 75 78 84 91 97 109 116 122 129 142 160 176 197 216 238 265 294 328 375 431 503 591 713 832 1049 1322 1756 2371 3384 5330 9451 21297 85034 
168 34 34 36 37 42 43 47 49 51 51 52 53 55 58 61 64 68 74 81 85 89 102 115 121 129 135 149 159 175 189 202 222 258 287 337 388 450 504 576 681 836 1075 1343 1740 2337 3444 5303 9510 21199 85152 
169 32 34 34 36 37 38 40 41 42 47 49 54 58 65 67 70 75 77 82 89 92 101 108 116 124 138 149 164 179 195 214 239 259 298 331 381 438 510 596 705 843 1060 1342 1736 2366 3409 5320 9460 21285 85207 
170 36 36 36 37 38 40 40 43 46 51 52 53 56 58 62 68 75 83 88 91 95 99 105 119 129 134 148 160 171 190 209 238 261 287 340 376 424 499 593 707 856 1044 1330 1739 2365 3389 5344 9402 21287 85071 
171 33 38 40 40 43 45 46 46 46 47 53 54 56 56 61 66 72 76 82 88 96 106 112 120 129 137 145 158 173 188 206 230 265 299 340 381 429 491 578 697 860 1068 1324 1725 2372 3428 5306 9504 21265 85242 
172 35 36 37 39 41 42 42 43 43 45 46 50 52 58 65 72 74 78 82 86 94 96 108 115 123 135 146 160 173 196 214 233 261 292 336 380 428 489 594 729 848 1051 1329 1724 2387 3380 5361 9467 21335 85181 
173 34 34 36 36 36 40 42 45 45 47 52 52 55 57 62 65 70 75 82 90 94 98 106 116 123 132 140 158 171 190 210 235 268 293 331 382 431 495 582 715 855 1061 1340 1710 2366 3415 5292 9479 21307 85297 
174 33 35 36 39 41 42 44 46 47 49 50 53 55 58 63 66 68 77 83 87 100 105 110 120 126 137 146 155 167 185 204 228 265 298 343 381 432 502 582 687 838 1058 1336 1734 2375 3422 5322 9487 21298 85395 
175 35 35 36 38 40 45 47 48 52 56 56 56 59 61 63 69 71 75 77 83 88 93 104 119 131 142 152 162 181 197 213 230 256 284 332 379 450 514 590 694 828 1025 1346 1764 2353 3380 5363 9430 21320 85049 
176 32 33 35 36 41 41 42 43 45 47 48 52 55 60 64 66 76 82 84 89 90 100 105 113 119 130 143 163 177 190 216 239 262 297 322 371 430 506 600 710 851 1046 1322 1747 2378 3382 5321 9452 21319 85093 
177 32 33 35 36 39 45 48 49 50 53 56 57 58 61 63 65 68 72 77 86 92 100 111 118 120 134 146 161 179 198 212 237 260 299 329 382 432 506 584 695 862 1036 1330 1741 2370 3412 5307 9474 21278 85164 
178 34 36 38 40 41 41 43 44 48 50 53 57 59 60 65 69 72 76 79 86 90 98 109 120 129 137 145 161 176 188 211 234 269 300 333 381 434 494 588 707 848 1036 1334 1746 2369 3427 5284 9444 21268 85210 
179 32 32 36 36 36 38 40 43 46 50 56 61 62 65 69 70 73 81 82 86 92 96 102 111 123 138 151 168 182 194 214 236 256 287 321 382 438 501 597 705 869 1047 1336 1738 2350 3402 5339 9429 21323 85236 
