surface/epsilon 0.5 0.49 0.48 0.47 0.46 0.45 0.44 0.43 0.42 0.41 0.4 0.39 0.38 0.37 0.36 0.35 0.34 0.33 0.32 0.31 0.3 0.29 0.28 0.27 0.26 0.25 0.24 0.23 0.22 0.21 0.2 0.19 0.18 0.17 0.16 0.15 0.14 0.13 0.12 0.11 0.1 0.09 0.08 0.07 0.06 0.05 0.04 0.03 0.02 0.01 
0 26 27 27 28 28 30 31 35 35 37 39 40 44 44 47 49 51 59 65 71 76 79 82 90 100 107 119 125 133 154 171 192 222 247 270 301 342 406 458 557 692 859 1091 1397 1906 2743 4301 7639 17155 68906 
1 25 26 29 31 32 33 33 36 35 38 40 42 45 48 51 57 57 61 63 67 72 76 84 94 102 108 116 129 138 155 171 184 205 232 261 308 358 417 490 585 675 854 1068 1417 1920 2749 4334 7659 17263 68762 
2 26 27 29 30 33 34 35 35 38 41 45 47 49 49 50 54 55 60 62 66 70 75 84 87 91 99 118 126 138 149 166 187 211 243 270 295 344 394 469 570 680 859 1087 1430 1947 2736 4318 7697 17244 68810 
3 23 23 25 27 28 28 30 33 35 38 41 40 42 46 49 50 54 56 57 63 73 79 86 92 98 102 110 118 127 140 163 184 203 221 259 294 350 398 469 568 693 854 1077 1393 1930 2799 4292 7739 17224 69029 
4 18 21 22 23 23 26 29 32 34 34 38 44 43 46 46 47 50 52 54 58 62 71 74 85 93 100 110 120 130 145 170 186 211 239 264 301 350 409 484 579 708 880 1063 1388 1919 2764 4274 7605 17065 68567 
5 24 24 28 28 30 30 30 34 35 35 41 43 46 50 50 56 56 60 64 67 73 77 81 85 96 107 121 129 145 159 172 180 204 229 259 301 339 400 472 564 668 826 1052 1414 1906 2750 4292 7577 17102 68734 
6 22 22 24 24 28 28 31 32 35 35 35 36 37 40 44 46 51 51 55 62 71 74 80 85 92 99 107 127 133 149 166 178 199 215 260 298 333 394 467 558 669 825 1048 1378 1887 2708 4299 7513 17193 68447 
7 23 24 25 27 27 29 30 31 32 34 35 40 41 45 47 55 62 63 65 68 74 78 81 89 93 99 108 127 139 161 175 192 216 237 260 295 341 407 472 571 692 835 1045 1389 1913 2710 4293 7660 17264 68941 
8 23 23 25 25 27 27 28 31 33 34 36 36 41 44 48 52 59 64 69 75 78 80 86 89 99 104 113 126 136 158 175 204 222 244 278 308 344 400 467 575 721 862 1063 1383 1927 2788 4233 7660 17221 68975 
9 23 24 27 26 26 27 30 31 35 37 36 38 46 47 51 52 53 55 57 59 67 74 80 87 90 105 107 120 136 156 170 197 208 230 253 291 329 395 489 587 693 826 1062 1398 1949 2732 4363 7680 17341 68887 
10 20 22 23 26 27 27 30 30 35 37 42 43 48 51 54 57 53 57 61 61 66 68 74 78 83 100 111 124 137 154 171 184 204 229 262 288 339 401 499 580 684 836 1074 1419 1949 2691 4368 7557 17248 68444 
11 24 26 27 31 33 33 35 38 38 40 41 42 42 45 50 50 55 59 60 66 74 81 87 98 106 113 117 130 142 151 171 187 210 236 269 313 362 419 475 562 708 866 1088 1426 1889 2799 4319 7642 17230 68738 
12 24 27 27 28 28 28 33 38 39 42 46 46 49 49 51 54 58 63 65 70 76 79 83 88 95 105 119 130 143 156 171 189 208 226 266 307 360 421 495 588 710 859 1101 1436 1934 2793 4328 7652 17371 69049 
13 22 24 25 24 26 27 30 35 38 38 40 39 39 41 45 51 56 60 65 70 74 80 84 90 92 102 113 123 129 142 152 186 213 234 257 301 344 404 465 560 689 876 1074 1414 1933 2779 4293 7699 17235 69110 
14 26 27 27 29 29 29 34 34 38 40 41 44 46 50 50 52 54 60 62 65 69 82 87 95 101 109 113 124 134 155 162 177 205 240 264 304 354 401 467 557 667 845 1091 1408 1909 2768 4347 7675 17197 68853 
15 27 27 27 28 33 34 39 40 42 45 48 52 51 53 54 58 63 61 63 67 73 78 85 91 95 105 112 124 145 160 168 192 221 235 266 301 349 414 489 578 695 858 1081 1411 1897 2744 4339 7635 17352 69021 
16 21 23 24 26 29 30 32 34 37 41 42 44 46 47 51 54 53 59 60 64 70 78 83 87 93 101 115 123 133 152 162 178 209 233 255 285 346 410 483 567 695 854 1083 1421 1935 2769 4319 7668 17251 69010 
17 30 32 32 30 30 29 31 31 33 34 35 39 45 47 51 50 54 60 64 72 77 83 87 89 90 96 102 112 130 146 168 180 206 227 263 294 330 383 466 567 687 833 1070 1398 1952 2761 4300 7680 17281 69012 
18 25 25 25 25 26 29 30 31 34 34 38 42 44 47 48 50 54 56 63 64 67 72 78 85 91 95 102 116 132 151 167 186 207 231 252 285 341 396 481 568 672 811 1069 1412 1902 2731 4352 7615 17226 68981 
19 24 25 24 26 26 27 29 30 31 32 34 36 40 42 47 49 50 52 61 63 67 71 78 82 87 89 103 115 123 134 144 170 195 217 245 285 331 379 467 552 672 832 1053 1363 1927 2751 4305 7629 17212 68838 
20 24 22 24 26 25 27 30 30 31 34 36 38 40 44 48 47 48 49 54 61 70 76 81 84 93 103 114 126 137 140 156 174 196 226 256 287 339 394 482 558 675 829 1042 1341 1888 2719 4247 7548 17206 68955 
21 27 28 30 30 34 34 36 37 39 41 43 45 48 48 53 54 61 63 67 72 76 84 91 99 104 109 118 125 136 147 157 180 195 228 262 307 352 402 473 558 672 855 1076 1408 1904 2752 4282 7675 17120 68649 
22 22 23 26 29 32 34 37 38 38 38 41 42 46 48 51 52 54 55 61 61 68 74 83 90 106 111 123 135 148 157 170 186 203 229 266 301 344 404 487 566 677 834 1074 1415 1915 2724 4390 7657 17304 68809 
23 24 25 26 25 27 27 32 32 37 39 40 40 45 47 48 50 56 61 61 66 72 78 89 92 98 103 114 123 140 146 160 184 204 235 266 314 353 404 474 569 689 850 1063 1380 1876 2747 4313 7663 17126 68673 
24 26 26 28 29 31 32 32 31 30 32 35 37 40 41 44 48 56 59 62 69 73 77 81 87 93 103 112 125 134 149 165 185 216 242 275 305 354 411 474 565 698 859 1067 1399 1940 2755 4277 7683 17146 68959 
25 25 27 27 30 30 30 31 31 32 34 35 38 40 42 44 48 51 53 59 64 69 79 85 97 104 108 119 122 133 145 166 186 205 227 268 307 342 388 449 546 674 834 1050 1365 1871 2748 4201 7684 17103 68989 
26 22 24 24 26 27 29 29 31 31 34 35 38 41 44 49 51 56 60 62 66 68 77 82 89 94 105 113 120 131 141 159 181 211 232 272 311 337 387 467 553 701 856 1084 1393 1914 2781 4319 7743 17326 69235 
27 19 23 24 25 29 31 32 34 38 39 38 40 43 45 46 47 49 55 57 63 65 73 81 88 99 110 119 131 139 143 154 168 194 218 257 300 362 404 468 545 666 855 1073 1403 1884 2759 4295 7627 17183 68794 
28 28 28 30 30 31 31 31 35 36 40 43 46 48 48 50 55 58 62 70 73 78 87 86 85 94 104 107 116 134 148 165 186 210 231 272 303 335 404 483 563 702 838 1065 1383 1900 2723 4233 7652 17224 69073 
29 27 27 27 27 27 27 30 33 40 40 43 43 47 48 50 52 59 60 65 70 77 80 87 92 95 107 112 125 141 153 165 185 209 223 259 294 343 401 473 560 667 849 1090 1420 1923 2757 4317 7662 17088 68641 
30 22 24 24 27 29 29 30 31 31 37 39 41 42 45 48 55 57 63 68 68 72 79 83 92 99 107 118 128 141 156 163 186 210 235 260 296 345 401 488 564 667 836 1047 1393 1905 2709 4268 7636 17174 68977 
31 18 20 21 24 27 27 29 29 35 36 38 37 41 46 50 54 59 64 67 70 70 76 78 83 93 98 113 120 139 152 161 177 213 230 260 298 349 397 476 571 694 857 1080 1420 1932 2788 4345 7709 17352 69024 
32 24 25 25 25 25 27 30 30 34 35 35 35 37 41 48 55 57 59 64 66 68 73 79 82 92 96 104 117 127 137 152 178 194 222 252 283 327 397 470 565 680 846 1080 1401 1935 2741 4336 7619 17205 68852 
33 24 23 25 24 26 26 26 28 31 34 37 41 40 44 49 50 53 57 61 66 72 79 84 86 98 110 118 126 137 153 178 194 218 246 276 303 344 404 484 570 688 840 1071 1402 1910 2761 4312 7635 17216 68787 
34 27 27 27 28 31 31 31 32 34 35 40 41 43 47 49 53 57 60 63 67 73 82 82 87 96 104 120 131 138 160 167 190 206 231 261 307 350 402 474 557 670 842 1078 1410 1932 2759 4297 7656 17208 69054 
35 28 29 29 29 30 30 31 34 34 36 41 41 44 44 50 55 57 64 70 77 82 86 88 96 103 109 116 122 140 158 175 192 217 239 274 311 348 399 468 574 697 835 1060 1379 1908 2721 4255 7597 17100 68764 
36 26 25 27 26 27 27 28 31 32 33 34 36 40 43 46 49 50 56 63 68 73 83 88 95 104 104 120 132 141 158 176 191 218 253 283 327 367 427 487 564 700 880 1094 1421 1922 2783 4333 7587 17162 68936 
37 30 29 30 31 32 34 35 34 35 35 39 41 45 48 50 51 53 58 59 65 71 77 87 94 101 110 114 121 133 146 162 179 205 233 271 305 362 412 479 560 704 858 1086 1406 1917 2797 4262 7647 17070 68829 
38 27 28 29 30 32 33 33 33 34 36 39 41 46 48 53 54 55 57 62 69 76 78 82 87 100 107 114 129 139 146 160 183 207 231 263 297 339 387 469 560 683 856 1045 1373 1881 2772 4272 7717 17166 69138 
39 22 22 22 27 28 29 32 34 42 43 42 46 47 49 52 55 56 58 63 69 74 82 81 89 94 106 118 128 142 153 177 191 209 240 266 306 339 413 487 564 678 838 1085 1429 1900 2762 4379 7610 17220 68662 
40 22 23 26 27 27 28 30 34 35 36 37 37 42 44 48 51 53 57 64 70 71 81 83 89 93 104 108 121 135 149 174 193 215 243 275 304 357 409 468 569 680 838 1052 1412 1912 2742 4353 7697 17414 68986 
41 24 25 26 27 30 32 33 33 34 37 38 40 41 44 45 56 59 63 67 71 75 78 80 88 95 103 123 137 150 165 177 197 213 248 274 308 348 407 482 573 689 842 1078 1407 1881 2723 4238 7668 17211 68825 
42 26 26 27 29 29 30 33 34 37 36 40 47 49 52 54 58 63 64 65 68 72 77 79 88 94 103 111 128 143 159 170 193 209 233 260 300 338 400 481 563 664 823 1050 1413 1898 2733 4285 7682 17129 68929 
43 25 25 27 30 32 32 34 34 36 35 38 39 39 42 45 49 55 61 63 67 73 75 89 92 103 109 113 122 131 145 167 183 210 240 271 308 349 388 444 543 688 840 1078 1387 1885 2782 4242 7685 17136 68835 
44 22 24 24 27 27 31 33 33 34 39 40 45 48 53 58 59 62 66 68 72 74 78 79 87 100 110 123 133 141 160 172 185 208 227 258 294 352 418 499 581 700 851 1082 1420 1916 2775 4300 7670 17285 68954 
45 21 22 25 27 32 34 35 37 39 41 41 42 45 51 55 55 59 61 63 68 69 70 77 89 99 110 121 131 145 152 166 186 197 217 240 289 349 397 463 548 663 808 1055 1398 1884 2746 4337 7619 17200 68779 
46 25 27 30 32 35 36 36 40 42 42 42 46 48 51 55 56 57 58 63 68 74 77 82 87 98 103 115 127 145 153 168 190 205 238 262 305 352 408 476 564 680 837 1089 1435 1922 2726 4281 7669 17203 68921 
47 24 26 26 27 28 29 32 33 34 37 40 43 45 46 51 52 57 59 58 66 69 72 81 86 95 100 112 122 134 152 168 196 212 230 262 299 348 409 489 574 697 831 1089 1374 1899 2740 4302 7646 17250 68860 
48 25 27 27 29 30 31 33 35 36 41 44 46 47 50 54 54 60 63 65 64 72 79 82 89 99 106 116 133 142 161 172 195 213 235 270 299 357 419 484 564 686 831 1075 1442 1936 2790 4372 7593 17183 68932 
49 26 27 28 30 34 32 33 34 35 37 39 43 45 49 53 55 60 67 71 75 76 80 83 90 103 118 124 135 149 158 177 194 214 241 271 307 347 416 482 573 700 848 1081 1403 1926 2740 4247 7585 17148 68869 
50 29 30 31 32 34 35 35 36 37 38 39 42 46 47 51 50 57 61 66 72 78 84 93 95 101 112 120 130 134 151 166 189 219 246 284 312 357 411 466 563 692 870 1092 1402 1897 2784 4299 7655 17208 68770 
51 24 23 26 27 29 29 31 32 35 34 33 36 38 45 45 52 55 59 60 66 72 71 78 86 94 105 116 128 138 152 162 184 206 232 271 299 342 397 472 560 687 851 1075 1402 1907 2781 4312 7630 17208 69024 
52 29 30 32 32 32 32 35 38 40 41 44 46 48 52 55 58 60 66 71 79 82 85 99 105 106 115 122 132 138 152 172 195 220 242 279 305 352 414 485 566 682 858 1072 1405 1917 2761 4353 7660 17282 68968 
53 24 25 27 27 28 30 32 32 33 36 37 40 44 47 52 55 62 65 71 74 76 82 87 92 102 107 116 126 131 153 180 194 223 243 274 310 342 401 484 572 703 843 1056 1389 1965 2760 4265 7632 17238 68841 
54 20 21 23 23 26 28 31 31 30 29 32 35 37 39 45 48 51 53 59 65 70 77 81 92 98 105 114 128 134 149 172 187 216 242 263 297 338 386 455 567 698 846 1038 1358 1883 2774 4244 7653 17143 68857 
55 23 24 25 28 30 32 32 34 34 36 38 40 45 49 50 55 60 65 68 69 76 84 88 100 108 116 125 134 136 152 174 195 217 243 275 317 357 403 467 562 680 835 1060 1378 1877 2724 4291 7657 17280 69035 
56 32 31 31 30 32 37 40 41 42 41 43 45 45 49 52 55 55 59 63 68 71 78 86 91 99 107 115 135 142 155 166 182 206 237 269 300 351 401 475 550 664 828 1060 1391 1888 2707 4293 7622 17270 68769 
57 26 26 27 28 29 30 32 32 35 36 36 37 42 46 48 52 56 58 62 69 78 78 80 91 97 107 112 120 135 152 163 182 211 231 262 303 345 390 466 566 696 842 1050 1365 1903 2747 4228 7693 17331 69143 
58 21 23 24 25 27 28 31 31 36 39 40 42 43 43 47 51 58 60 64 67 71 79 86 92 97 103 115 125 136 152 165 187 201 219 255 288 330 392 478 572 681 824 1059 1382 1934 2751 4284 7619 17277 68821 
59 25 27 28 28 29 31 32 35 38 42 45 48 47 53 56 57 60 61 70 71 77 84 92 99 105 113 118 126 140 158 172 187 205 234 260 307 351 393 471 571 683 839 1081 1401 1908 2745 4250 7626 17144 68760 
60 25 25 25 26 27 29 33 34 35 37 39 41 46 48 49 50 55 63 65 72 73 83 87 97 103 108 113 130 140 156 180 196 209 241 267 303 353 408 465 571 677 838 1072 1401 1899 2681 4336 7638 17280 68732 
61 23 24 26 28 30 32 34 37 37 39 41 43 45 47 49 51 52 56 61 62 68 77 84 92 100 111 116 134 144 148 168 181 202 232 262 296 357 393 470 567 678 846 1059 1363 1917 2722 4267 7678 17140 68877 
62 23 26 28 29 31 33 35 36 38 41 40 40 43 45 46 48 54 54 58 63 70 73 79 84 93 101 108 121 131 140 160 181 197 221 247 286 328 377 445 528 660 807 1030 1370 1896 2668 4270 7587 17262 68887 
63 26 27 29 30 32 33 34 35 36 39 47 50 50 54 61 63 66 70 73 77 78 84 88 93 102 112 118 133 142 159 175 197 219 241 273 301 347 406 488 583 688 833 1050 1399 1914 2732 4326 7595 17284 68777 
64 32 34 36 35 36 37 40 38 39 40 42 45 49 51 53 58 61 63 64 66 77 86 91 100 102 109 117 133 139 152 177 201 219 244 286 320 365 419 489 570 707 886 1099 1437 1954 2831 4340 7766 17372 69137 
65 26 28 30 31 32 34 37 39 42 43 46 47 48 52 56 60 63 65 66 68 71 73 88 99 107 115 131 134 148 160 180 201 214 233 261 312 358 420 483 574 684 850 1088 1387 1881 2750 4336 7694 17196 68958 
66 25 25 25 25 28 30 31 31 33 36 40 46 48 51 52 55 55 57 58 59 69 74 80 80 93 98 110 122 142 157 174 196 205 227 249 282 328 387 478 566 673 809 1030 1371 1879 2664 4279 7584 17278 68882 
67 22 23 26 27 29 31 32 36 40 45 45 48 47 47 48 48 49 53 55 63 65 71 83 92 102 113 119 133 135 145 161 174 193 213 243 294 342 399 466 562 659 820 1063 1395 1866 2740 4268 7622 17143 68532 
68 26 28 28 30 32 33 34 36 39 41 44 47 52 56 58 57 58 62 66 73 78 81 88 99 109 118 125 133 150 163 173 187 216 241 282 322 355 404 491 574 690 843 1085 1435 1911 2781 4301 7693 17260 69135 
69 25 27 26 26 27 29 31 37 37 38 39 40 42 46 49 51 52 56 60 63 69 80 83 92 102 110 120 127 147 165 178 194 222 239 259 303 348 413 482 580 681 833 1047 1370 1905 2744 4335 7716 17348 68975 
70 26 27 27 29 29 31 30 30 31 32 34 38 39 41 44 46 50 56 63 64 66 67 70 76 85 92 105 120 142 152 172 189 215 235 257 293 337 398 469 577 683 826 1043 1420 1954 2740 4361 7668 17387 69082 
71 30 31 33 34 34 38 41 44 47 50 52 53 54 57 59 61 68 71 77 78 85 87 90 97 107 116 128 136 147 162 179 200 215 240 276 306 358 413 471 574 682 857 1076 1404 1894 2786 4304 7695 17123 69285 
72 25 26 26 29 31 35 35 40 40 40 42 45 49 50 53 55 59 63 64 66 71 76 85 90 99 103 111 122 137 147 167 181 195 226 260 299 354 408 491 563 678 832 1080 1397 1900 2755 4297 7651 17207 68792 
73 26 26 27 26 28 30 33 36 37 37 39 39 45 45 48 52 53 57 60 65 67 72 78 82 90 102 114 123 139 154 170 185 213 223 245 285 326 403 489 585 713 847 1083 1436 1942 2746 4336 7582 17336 68644 
74 25 26 26 26 26 27 28 31 33 37 36 39 41 43 47 51 53 56 64 64 66 72 83 85 93 101 109 117 126 142 162 182 207 230 260 293 331 386 472 554 702 858 1083 1394 1932 2757 4319 7698 17389 69139 
75 26 26 27 29 29 31 32 32 37 40 43 41 45 47 53 57 58 64 72 79 78 82 86 92 96 103 106 123 135 147 165 186 213 238 265 303 338 390 473 571 711 861 1068 1394 1938 2786 4264 7741 17217 69010 
76 21 21 21 26 30 31 33 35 37 39 44 44 46 49 51 53 54 57 60 63 70 78 83 90 94 102 118 128 139 151 164 184 201 228 261 294 342 409 491 567 660 820 1058 1409 1878 2695 4301 7528 17179 68644 
77 25 26 26 28 29 32 35 35 37 37 39 39 41 45 46 50 57 61 63 62 72 76 81 88 99 105 115 120 141 149 163 177 202 233 257 293 337 399 471 557 672 849 1076 1424 1919 2782 4293 7598 17221 68859 
78 26 27 29 32 33 36 36 38 39 39 42 45 46 49 49 52 56 59 64 68 76 83 89 99 109 114 129 134 141 155 167 181 207 229 273 307 360 417 475 563 699 862 1085 1417 1875 2771 4299 7665 17090 68765 
79 24 25 27 29 33 35 38 37 39 39 41 42 47 52 52 56 61 67 68 72 79 83 87 93 101 105 117 124 137 154 165 186 206 229 257 297 344 397 467 547 663 826 1051 1405 1894 2746 4320 7646 17204 68871 
80 26 26 26 29 31 31 33 34 35 36 39 42 44 50 50 50 53 63 65 70 70 71 80 87 92 97 107 124 141 156 172 187 202 228 255 286 321 392 465 553 671 847 1070 1393 1879 2702 4315 7686 17270 69086 
81 28 27 27 28 32 32 33 33 37 38 41 41 44 46 52 59 63 63 69 78 83 83 89 94 103 111 117 131 145 155 179 195 226 250 282 305 337 400 482 582 704 863 1061 1367 1899 2748 4226 7665 17119 68954 
82 25 25 26 27 30 31 32 33 33 34 39 41 41 45 49 54 59 63 65 69 76 81 94 102 113 120 122 128 139 152 160 172 203 242 276 306 355 405 459 544 666 835 1072 1388 1865 2758 4290 7692 17291 69137 
83 29 29 28 30 30 31 30 34 37 39 41 43 44 49 51 55 57 64 70 70 74 87 94 96 105 113 121 128 140 151 173 192 219 249 281 317 358 406 480 571 707 885 1090 1415 1955 2824 4289 7705 17254 68924 
84 27 27 30 31 32 33 33 35 37 38 38 40 43 48 51 54 61 62 65 74 81 81 89 91 102 108 114 120 135 152 162 184 209 230 267 302 337 395 460 569 682 856 1075 1386 1884 2740 4287 7621 17099 69025 
85 24 25 26 27 28 30 31 35 39 41 44 49 51 52 54 56 56 58 61 65 68 73 78 84 89 98 110 124 146 161 176 191 207 225 259 288 334 405 487 582 673 835 1069 1401 1903 2711 4298 7623 17281 68815 
86 23 24 24 26 28 32 32 34 38 37 38 42 47 48 51 53 57 59 61 65 68 71 82 89 100 107 115 127 139 153 165 184 201 225 248 289 335 403 465 555 662 833 1057 1408 1890 2730 4268 7662 17135 68761 
87 27 31 32 33 35 35 40 40 41 42 45 46 48 49 52 59 61 67 69 72 77 82 91 99 108 119 123 137 147 156 169 184 211 232 266 302 359 400 466 565 692 870 1094 1403 1893 2756 4225 7626 17050 68655 
88 25 26 25 26 30 32 34 36 38 40 40 45 47 48 51 57 60 65 66 72 73 81 88 96 103 109 121 130 143 157 173 190 218 245 279 313 352 417 477 571 699 859 1085 1406 1885 2767 4281 7713 17208 68906 
89 21 24 25 25 25 27 29 31 33 35 36 38 40 41 42 45 47 49 54 58 62 69 79 83 92 96 103 112 125 140 153 173 197 226 253 299 341 395 458 543 648 832 1071 1375 1886 2730 4224 7605 17042 68818 
90 22 22 22 26 26 29 31 31 31 34 41 45 48 51 52 55 56 61 63 66 70 74 76 86 97 112 121 133 147 162 173 188 204 227 257 296 334 396 490 573 673 833 1064 1414 1920 2725 4349 7523 17346 68804 
91 28 29 33 34 35 32 36 38 41 41 41 45 46 49 52 55 57 63 67 71 73 80 87 98 106 117 122 133 146 165 179 194 216 241 270 305 348 406 474 573 690 858 1088 1421 1921 2758 4319 7619 17109 68830 
92 26 28 27 29 30 33 31 33 33 33 35 34 37 42 45 45 48 53 59 65 73 78 82 89 95 106 113 123 131 141 163 181 193 223 262 303 351 409 469 557 660 822 1070 1377 1882 2710 4305 7581 17226 68753 
93 26 27 29 31 31 33 34 38 38 38 42 43 46 48 49 55 64 66 69 74 76 82 87 96 102 109 122 136 147 157 170 197 215 245 283 325 356 416 482 600 714 880 1114 1435 1946 2794 4359 7695 17190 69193 
94 26 26 25 26 26 27 27 31 35 37 39 42 45 47 51 54 56 61 68 71 72 76 77 81 96 107 113 123 135 146 164 188 206 232 258 292 347 405 470 556 710 855 1072 1435 1958 2745 4317 7645 17119 68669 
95 28 29 30 32 31 32 32 33 36 39 40 41 45 49 50 54 56 58 61 65 71 79 87 95 104 110 119 125 136 143 158 184 202 231 264 295 341 411 475 557 657 839 1078 1405 1876 2746 4347 7635 17222 68887 
96 25 27 28 30 31 31 32 34 38 37 38 39 41 45 51 51 54 56 60 63 66 77 85 86 92 101 111 121 135 147 158 179 206 228 262 299 343 398 468 556 674 828 1051 1380 1879 2740 4266 7567 17183 68718 
97 21 22 23 24 26 31 32 34 34 34 36 38 42 44 46 47 49 56 59 63 64 71 81 90 96 105 117 130 137 147 155 173 204 221 248 298 342 386 442 550 677 841 1064 1391 1879 2738 4302 7675 17263 69050 
98 23 25 25 26 29 31 33 34 34 38 42 44 45 46 46 50 52 55 61 64 67 72 77 86 89 102 107 124 136 152 167 186 200 233 264 297 344 391 458 540 654 825 1043 1401 1906 2729 4267 7637 17194 68829 
99 26 27 27 27 28 31 35 35 38 39 40 41 46 50 53 56 58 59 64 65 68 76 79 85 90 98 107 116 128 149 168 189 202 224 255 290 337 387 460 554 684 805 1030 1367 1902 2681 4261 7547 17143 68781 
100 27 27 28 28 27 29 33 34 33 39 42 43 45 50 54 56 59 61 67 78 78 86 88 94 99 107 118 124 138 148 160 184 203 224 254 283 323 378 438 525 656 804 1033 1350 1864 2755 4254 7594 17029 68871 
101 25 24 25 27 28 29 33 33 35 36 36 36 36 37 40 44 49 53 55 63 70 75 79 89 100 109 118 128 132 142 155 177 202 231 265 292 333 373 443 538 670 839 1035 1361 1891 2735 4256 7690 17258 69003 
102 28 29 29 29 30 31 34 35 36 40 44 42 44 45 47 49 55 59 61 67 73 81 85 91 97 107 112 122 133 149 165 179 199 221 249 301 342 402 483 580 689 818 1055 1387 1858 2723 4254 7689 17171 68645 
103 23 24 23 23 24 28 28 30 32 34 34 38 42 46 47 51 56 63 65 62 66 69 78 83 87 100 106 120 136 148 167 192 218 241 259 294 348 399 481 568 707 840 1072 1410 1948 2755 4236 7591 17286 69050 
104 26 27 29 30 33 32 35 37 39 41 44 46 48 51 54 59 64 65 70 73 79 85 89 97 104 114 120 134 145 154 165 188 210 242 262 315 362 414 473 560 697 843 1059 1390 1894 2702 4299 7663 17222 68834 
105 25 27 27 29 30 30 30 33 34 36 38 42 42 47 47 49 52 59 65 73 76 81 86 90 100 107 112 121 135 151 166 194 216 247 274 314 349 406 467 551 697 883 1089 1391 1905 2808 4300 7739 17112 68724 
106 24 25 24 26 30 33 34 34 36 39 38 39 42 49 51 53 55 56 57 64 70 75 88 89 96 106 111 120 134 146 162 181 201 222 261 303 348 392 454 540 664 859 1070 1391 1898 2753 4269 7645 17173 68831 
107 27 27 29 31 32 32 35 35 35 38 40 40 41 43 48 50 52 53 57 65 71 76 82 88 97 108 118 126 134 149 161 182 204 235 276 303 350 403 484 569 695 856 1073 1419 1912 2772 4259 7640 17237 68835 
108 25 26 28 29 30 33 36 38 40 41 44 50 51 55 60 62 63 63 64 65 72 73 81 88 103 115 126 143 152 166 177 192 208 225 256 294 351 419 490 582 675 828 1041 1388 1899 2672 4296 7577 17159 68558 
109 16 20 21 21 23 27 27 26 28 31 35 36 37 40 44 49 50 59 59 65 68 74 82 89 94 100 110 121 132 149 162 180 207 232 260 304 355 400 473 566 698 848 1047 1359 1869 2771 4278 7654 17085 68952 
110 31 32 32 33 33 35 37 40 42 43 45 46 51 53 58 60 60 66 69 76 79 83 91 92 103 115 119 129 146 161 182 196 220 240 268 306 358 404 477 575 688 862 1084 1408 1943 2770 4230 7647 17130 68980 
111 29 30 30 30 31 32 35 37 41 41 44 46 45 51 56 59 62 69 69 74 81 85 85 93 98 107 119 134 147 154 181 200 215 244 275 313 351 412 496 594 703 854 1071 1423 1963 2713 4333 7673 17335 69053 
112 26 25 28 34 34 35 35 38 38 39 42 44 44 46 49 54 56 62 66 70 74 80 81 90 99 107 118 128 141 146 162 182 201 238 280 304 348 398 464 557 677 849 1077 1363 1875 2761 4278 7699 17169 68826 
113 26 29 29 29 31 34 39 39 38 39 41 42 45 51 52 53 55 59 63 73 80 84 95 104 111 119 127 138 154 158 178 199 215 236 271 305 356 407 478 566 685 850 1076 1410 1878 2771 4310 7657 17157 68821 
114 26 26 26 29 30 30 30 34 35 38 42 43 46 47 49 48 56 61 66 73 77 85 97 99 105 113 118 128 139 155 169 187 207 241 277 309 345 395 466 559 681 872 1082 1389 1910 2713 4324 7653 17267 69041 
115 25 27 28 28 29 30 34 34 37 43 43 43 47 48 48 51 56 57 61 65 76 81 86 94 100 106 112 121 138 150 164 179 193 216 250 289 339 397 467 559 679 841 1063 1392 1909 2736 4261 7583 17214 69089 
116 24 26 26 27 28 28 27 28 30 30 31 30 35 40 42 47 51 55 63 67 76 83 88 92 93 98 105 115 132 142 154 183 207 233 264 297 340 389 460 553 682 842 1054 1386 1929 2729 4288 7651 17285 68940 
117 29 30 30 31 33 36 37 36 38 39 40 43 45 46 48 52 55 61 65 72 80 86 89 97 107 115 125 134 150 159 176 193 212 249 279 321 368 427 490 585 683 865 1073 1428 1928 2757 4324 7699 17213 69004 
118 23 24 26 28 29 30 33 33 37 42 42 44 49 50 50 52 54 57 63 72 76 84 88 92 100 108 122 132 145 153 168 192 205 233 260 301 349 410 486 569 678 834 1064 1401 1896 2712 4310 7645 17206 68901 
119 25 25 25 26 27 29 32 31 32 35 35 39 43 48 51 52 54 59 62 63 69 72 75 85 97 106 117 127 133 151 166 187 210 239 258 289 338 404 465 549 673 824 1037 1371 1889 2687 4246 7630 17160 68928 
120 25 28 26 27 33 35 35 36 38 38 41 42 47 50 53 57 58 60 65 72 75 83 93 98 104 112 126 135 147 163 180 200 220 242 279 315 366 416 486 588 704 861 1111 1403 1928 2752 4324 7712 17256 69066 
121 23 24 25 26 26 30 30 31 32 33 33 36 41 44 47 54 60 65 66 69 69 75 80 93 97 102 116 125 134 145 160 185 213 232 262 304 347 392 475 552 677 839 1059 1383 1880 2714 4232 7563 17194 68726 
122 25 25 26 29 29 30 31 31 33 36 39 40 44 50 54 57 57 60 65 71 75 82 82 83 91 97 108 124 142 157 178 198 212 236 267 300 336 413 482 581 694 840 1058 1393 1917 2763 4300 7688 17337 69039 
123 23 24 24 26 31 31 31 31 33 36 36 39 41 41 46 51 52 52 54 60 63 65 74 77 87 94 114 127 134 145 159 178 199 228 251 293 338 386 454 562 681 850 1068 1384 1914 2760 4277 7609 17125 68786 
124 30 30 32 33 35 38 41 41 41 42 44 46 49 50 50 52 57 61 67 71 73 80 93 101 109 119 120 131 139 151 164 178 203 239 267 304 355 411 466 543 671 847 1096 1409 1909 2783 4298 7621 17157 68874 
125 24 24 26 27 26 28 33 36 37 38 38 44 44 48 52 57 62 64 69 71 76 79 83 91 98 104 112 126 143 155 167 187 221 242 274 297 347 403 468 568 675 842 1040 1383 1904 2694 4207 7594 17118 68803 
126 26 28 28 30 31 32 32 37 38 41 43 47 50 53 54 55 59 64 68 76 78 83 94 99 101 110 118 131 147 157 178 198 223 246 272 306 350 416 477 567 693 840 1080 1378 1901 2746 4322 7621 17122 68864 
127 21 21 23 25 27 30 31 36 37 40 42 45 49 49 56 55 64 68 68 69 71 75 80 89 97 100 113 130 143 157 166 181 206 233 259 287 349 402 474 579 702 828 1053 1412 1936 2719 4358 7629 17275 68825 
128 25 26 26 27 29 31 33 35 39 41 41 41 45 45 47 50 53 58 65 70 69 72 82 93 100 104 114 129 138 146 159 178 202 233 265 305 347 401 459 540 660 835 1065 1385 1878 2784 4341 7673 17140 68774 
129 30 29 29 31 32 32 33 34 37 37 38 42 47 49 53 53 56 57 58 63 68 75 79 84 95 105 113 119 135 150 166 186 206 226 261 298 339 407 469 570 686 832 1050 1388 1888 2732 4231 7666 17096 68768 
130 21 22 26 28 29 32 31 32 34 33 34 35 36 36 39 42 49 56 63 69 73 79 86 88 98 105 114 115 128 139 153 174 203 233 265 307 353 397 459 544 700 861 1058 1387 1873 2791 4252 7648 17127 68598 
131 26 27 26 28 29 29 31 32 33 36 37 38 40 41 45 49 58 61 65 67 74 79 88 100 100 108 119 128 132 136 157 175 202 249 269 303 340 401 464 557 687 868 1071 1359 1885 2754 4257 7630 17256 68988 
132 25 25 28 28 28 30 29 30 31 35 39 45 49 49 50 55 57 60 64 70 75 79 83 87 94 99 110 125 134 157 174 190 218 247 267 297 338 391 459 569 690 851 1065 1385 1916 2768 4328 7675 17267 68867 
133 28 28 29 29 31 34 34 35 35 36 38 41 40 44 45 50 57 60 65 68 76 82 87 94 103 113 118 129 142 148 166 185 206 233 266 298 341 394 476 568 683 824 1074 1377 1903 2724 4296 7662 17214 68779 
134 24 27 28 29 28 29 29 29 28 30 34 38 38 42 42 46 48 49 57 59 64 67 78 83 89 101 108 117 127 142 161 170 190 214 252 293 347 410 467 548 665 835 1071 1429 1874 2719 4310 7593 17196 68839 
135 25 26 27 27 30 33 34 35 35 35 37 38 43 45 48 51 52 55 61 65 69 72 78 86 97 107 116 120 131 151 168 186 209 235 259 299 338 394 477 557 680 834 1043 1339 1880 2743 4216 7655 17114 68925 
136 26 28 29 30 31 34 34 36 37 38 41 44 48 50 53 56 60 65 66 68 70 78 90 100 109 117 122 135 146 160 177 186 210 236 280 316 362 414 480 572 693 868 1094 1421 1917 2792 4308 7638 17189 68800 
137 18 19 20 20 20 23 25 26 28 31 34 36 37 41 41 43 46 50 59 64 71 74 81 84 93 101 108 121 140 150 163 182 205 226 253 289 342 406 471 568 695 825 1046 1396 1917 2750 4324 7622 17272 68769 
138 26 28 28 29 31 31 33 37 39 39 39 42 47 48 49 53 57 62 66 68 74 77 83 90 102 111 117 129 143 156 171 193 216 246 266 296 344 420 488 568 673 836 1062 1408 1906 2729 4286 7587 17216 68942 
139 22 23 23 24 26 28 28 30 31 34 33 40 42 49 49 51 55 58 65 70 74 76 81 89 95 104 114 123 135 143 154 174 200 229 263 307 360 403 473 548 680 848 1088 1377 1866 2751 4278 7634 17028 68709 
140 24 24 24 26 29 30 32 35 38 41 44 48 54 56 56 58 58 61 65 67 72 77 85 89 100 109 120 134 151 160 175 185 204 229 264 298 353 403 476 546 660 837 1054 1397 1866 2686 4237 7544 17177 68680 
141 21 22 23 26 28 29 31 32 33 33 36 39 44 48 50 52 55 58 64 68 76 78 86 92 103 112 120 130 149 160 175 191 218 239 283 320 359 406 487 580 685 820 1069 1438 1906 2745 4322 7616 17200 68815 
142 26 26 28 29 32 35 34 36 37 40 43 45 48 52 56 57 59 66 68 70 73 78 82 90 97 104 119 127 147 159 180 196 208 238 254 297 340 397 474 571 686 838 1062 1422 1954 2723 4338 7623 17263 68698 
143 20 21 24 24 25 25 28 29 33 35 35 39 44 47 52 53 57 60 62 67 70 79 83 88 93 100 111 120 129 152 164 187 210 234 258 302 350 406 469 562 665 834 1087 1408 1880 2710 4291 7624 17172 68909 
144 28 27 29 31 33 34 35 36 39 39 41 45 49 52 54 57 60 64 71 73 75 81 88 92 99 109 122 128 135 148 172 191 208 232 272 305 348 388 467 570 685 846 1069 1398 1931 2748 4388 7700 17437 68798 
145 24 25 25 28 28 29 31 31 32 36 37 39 43 43 48 53 55 56 59 62 65 70 79 81 90 102 106 119 135 145 160 177 192 214 238 279 329 388 476 561 680 811 1027 1381 1909 2716 4236 7608 17146 68916 
146 29 28 29 29 32 33 35 37 39 41 41 46 46 50 53 54 55 60 67 69 73 81 85 90 94 103 113 127 135 145 163 185 205 226 261 299 354 410 478 577 690 852 1070 1425 1947 2754 4321 7660 17343 69007 
147 25 28 29 31 30 34 33 34 34 39 41 41 44 49 52 55 61 63 67 76 80 80 92 96 102 111 114 125 133 150 167 192 215 239 262 301 342 385 457 546 680 850 1048 1389 1924 2772 4341 7670 17233 68742 
148 33 33 34 35 35 38 40 41 41 42 41 42 43 45 50 56 62 67 72 77 87 90 96 103 106 113 122 131 144 158 167 183 226 247 284 321 356 400 449 556 691 888 1094 1403 1912 2805 4274 7779 17195 69043 
149 24 24 27 30 30 29 30 32 32 34 35 37 39 45 48 53 58 61 65 69 74 80 89 89 92 104 119 134 144 153 173 198 219 241 272 304 344 394 464 561 686 846 1043 1398 1917 2738 4277 7637 17216 68779 
150 28 31 31 31 33 32 33 34 39 39 41 41 44 47 49 54 54 61 64 69 71 78 82 93 101 104 118 136 150 156 173 186 212 232 268 301 343 401 477 561 690 831 1071 1409 1908 2740 4283 7650 17133 68665 
151 23 24 24 24 30 29 31 32 33 33 35 35 40 47 50 50 51 55 61 64 68 71 77 81 92 99 107 121 133 145 160 183 203 225 257 289 338 406 462 545 658 826 1059 1394 1907 2736 4307 7566 17147 68743 
152 26 29 30 33 35 35 38 40 40 42 43 45 51 52 55 55 57 66 68 74 82 86 96 102 109 117 128 137 150 159 177 192 218 246 274 317 363 413 470 564 684 849 1071 1406 1919 2793 4338 7704 17197 68690 
153 29 31 30 30 30 31 33 33 34 34 36 39 43 47 52 57 58 67 69 72 77 81 85 91 100 110 119 130 144 152 172 198 218 246 276 307 340 380 450 558 688 842 1047 1365 1904 2727 4252 7637 17292 68835 
154 25 27 26 26 30 29 34 37 39 41 42 47 46 51 55 58 60 62 65 69 75 77 83 90 98 112 118 128 144 155 182 191 201 231 264 301 344 400 475 584 689 842 1076 1420 1928 2770 4330 7654 17200 69017 
155 30 30 31 33 35 34 35 35 39 40 42 44 44 44 46 53 54 59 60 65 74 80 87 96 102 110 124 128 142 154 165 178 196 221 263 303 341 392 452 556 666 834 1081 1413 1901 2750 4282 7574 17066 68858 
156 24 24 26 28 28 30 31 31 32 34 40 41 46 49 49 54 55 60 62 70 76 78 82 93 97 112 114 124 138 149 171 198 220 243 267 302 346 403 473 574 686 833 1048 1400 1930 2744 4309 7693 17382 69096 
157 30 29 29 30 31 36 41 40 42 42 42 45 47 52 55 58 62 68 68 71 73 79 86 91 96 107 116 131 142 153 163 183 207 233 265 306 355 415 482 555 660 845 1084 1408 1912 2741 4354 7686 17203 68723 
158 27 26 26 26 32 32 36 37 39 40 44 45 48 51 56 57 62 64 67 72 75 76 77 83 89 95 106 120 136 146 165 177 202 233 260 302 339 390 456 550 660 822 1064 1406 1912 2751 4291 7572 17147 68641 
159 27 27 29 31 31 33 37 39 39 40 42 47 49 51 51 52 54 58 59 69 77 84 89 94 103 110 119 129 133 153 171 190 212 237 271 310 338 386 457 555 682 832 1062 1376 1884 2766 4295 7670 17108 68812 
160 23 23 23 25 26 28 31 34 36 37 38 42 46 48 51 53 60 62 65 66 74 76 85 88 96 104 115 121 131 152 170 190 208 236 262 304 336 392 461 564 685 847 1062 1391 1916 2749 4324 7621 17278 68900 
161 29 29 29 31 32 31 32 36 38 41 43 44 49 51 54 60 65 68 69 74 78 85 90 94 99 103 109 117 137 155 165 186 204 225 260 287 332 385 464 563 681 845 1063 1388 1890 2729 4282 7699 17163 69137 
162 27 28 29 31 30 30 30 32 34 37 38 40 42 45 49 56 59 61 66 75 73 79 89 93 106 111 119 130 139 157 166 187 205 230 280 310 351 418 478 579 686 851 1088 1433 1920 2731 4309 7655 17269 68865 
163 23 25 29 29 30 32 32 33 35 37 38 38 42 46 50 52 55 63 66 70 75 77 84 89 96 108 120 127 142 155 169 190 211 246 273 300 354 410 486 565 703 855 1078 1415 1901 2775 4286 7608 17092 69031 
164 24 24 26 29 30 31 34 36 40 41 46 46 49 53 54 60 59 63 66 71 72 76 83 88 96 103 116 129 135 150 165 190 210 226 257 299 340 394 467 560 698 832 1056 1407 1911 2705 4262 7642 17249 68931 
165 24 27 27 28 31 34 35 35 37 40 42 48 50 51 53 54 56 61 64 70 75 82 85 97 101 115 132 146 154 168 181 190 214 236 268 305 352 410 482 565 682 847 1066 1417 1925 2766 4327 7652 17308 68718 
166 29 30 31 33 36 36 38 38 41 43 44 45 46 47 51 56 64 64 70 76 75 83 89 98 111 116 121 140 152 164 182 198 220 248 275 318 360 423 489 575 701 867 1087 1425 1923 2758 4285 7681 17226 68851 
167 24 24 26 27 27 29 32 35 39 41 43 45 46 48 52 55 57 58 61 65 72 77 87 92 99 105 115 131 145 162 175 189 213 240 271 310 350 411 486 579 676 863 1077 1451 1951 2767 4371 7689 17249 68971 
168 25 25 27 27 32 33 38 39 40 40 41 42 44 47 49 50 54 60 68 71 76 89 98 103 109 114 128 133 143 152 162 178 210 231 272 310 357 403 463 546 689 879 1093 1409 1889 2791 4285 7688 17114 69022 
169 25 26 26 28 29 30 31 31 32 36 38 43 46 53 55 54 59 61 65 71 73 81 83 90 95 104 112 123 132 147 159 180 201 226 253 291 336 395 459 550 656 829 1060 1380 1865 2700 4232 7580 17193 68812 
170 31 31 31 32 33 35 35 38 41 44 45 44 45 47 50 56 61 65 69 72 77 80 86 99 106 107 119 128 133 152 166 189 209 230 275 305 341 398 471 555 678 830 1065 1376 1890 2735 4316 7584 17199 68704 
171 26 30 31 30 30 32 32 31 31 31 37 38 40 41 46 50 55 58 63 69 75 81 87 96 102 108 110 119 130 141 154 175 202 230 261 294 334 384 454 547 690 856 1051 1378 1906 2749 4243 7620 17227 68969 
172 26 26 27 29 29 30 30 31 31 33 34 38 39 44 49 54 55 58 61 65 73 75 86 89 95 104 115 125 136 158 173 187 210 243 280 314 345 403 490 592 684 843 1072 1404 1952 2727 4365 7642 17257 68976 
173 27 27 29 28 28 31 33 35 34 36 41 41 44 46 51 54 58 61 69 75 77 80 87 96 101 106 114 130 142 159 173 195 221 242 268 309 340 395 463 580 694 866 1089 1387 1915 2752 4276 7679 17356 69094 
174 25 27 28 30 32 32 33 34 35 38 38 38 40 43 48 51 53 60 66 66 77 80 84 95 99 109 115 122 133 149 163 185 217 248 290 317 355 411 475 564 691 869 1095 1426 1936 2769 4283 7676 17281 69063 
175 27 27 27 29 33 34 35 36 38 38 38 38 40 42 43 48 47 53 55 59 66 71 79 95 106 113 121 126 142 155 169 183 203 220 259 297 357 408 468 550 651 820 1078 1400 1875 2720 4326 7675 17283 68724 
176 26 27 29 29 34 34 34 35 37 38 39 42 45 50 53 54 62 68 69 73 74 85 88 95 100 109 120 137 142 153 171 190 210 226 249 288 336 397 481 572 680 840 1050 1387 1925 2739 4317 7614 17209 68686 
177 26 27 28 29 31 37 38 37 38 41 40 41 43 44 46 48 50 52 57 66 72 79 90 97 99 113 122 133 150 163 172 197 211 241 265 305 345 405 468 559 689 818 1060 1395 1871 2740 4301 7667 17260 68919 
178 25 27 29 31 30 28 29 30 35 36 39 39 37 38 41 45 48 52 56 60 64 71 79 83 91 100 106 121 135 144 163 178 206 233 261 299 340 382 460 560 658 818 1061 1405 1936 2788 4278 7603 17193 68995 
179 24 23 26 26 26 28 29 32 35 37 42 46 45 46 51 51 53 59 60 63 67 71 76 83 93 102 114 126 139 146 161 179 192 218 249 306 344 402 476 562 700 848 1086 1405 1908 2762 4332 7624 17279 69152 
