surface/epsilon 0.5 0.49 0.48 0.47 0.46 0.45 0.44 0.43 0.42 0.41 0.4 0.39 0.38 0.37 0.36 0.35 0.34 0.33 0.32 0.31 0.3 0.29 0.28 0.27 0.26 0.25 0.24 0.23 0.22 0.21 0.2 0.19 0.18 0.17 0.16 0.15 0.14 0.13 0.12 0.11 0.1 0.09 0.08 0.07 0.06 0.05 0.04 0.03 0.02 0.01 
0 108 113 113 115 118 124 127 134 136 143 148 153 164 166 178 181 189 206 227 243 262 273 284 299 328 346 377 403 424 480 528 595 683 764 833 930 1058 1219 1375 1613 1998 2485 3156 4020 5408 7751 12213 21666 48263 193364 
1 96 101 110 115 119 120 120 125 128 140 146 156 166 174 184 197 199 208 217 231 247 258 284 314 346 368 388 420 448 492 538 582 630 692 767 892 1018 1180 1379 1660 1959 2429 3013 3991 5453 7768 12142 21630 48533 193204 
2 97 100 105 108 116 118 125 125 135 142 152 162 167 171 182 190 199 214 223 238 249 261 281 295 308 327 374 396 431 458 504 559 615 711 791 866 1013 1169 1372 1635 1940 2422 3062 4025 5457 7712 12146 21525 48307 192882 
3 106 104 110 116 118 120 125 137 146 153 158 162 170 179 186 196 206 212 219 238 265 277 295 318 332 355 379 405 437 477 530 600 656 723 811 910 1053 1188 1369 1635 1997 2436 3118 3978 5407 7849 12131 21595 48176 193273 
4 94 102 104 106 106 118 127 137 146 150 159 175 175 182 192 200 214 222 228 241 254 273 281 305 326 346 373 412 433 465 532 580 646 726 785 902 1034 1191 1391 1637 1989 2479 3060 3965 5437 7785 12084 21448 48349 193174 
5 106 106 114 119 126 129 133 146 149 152 167 171 181 192 198 213 217 226 242 246 262 275 295 304 329 360 396 421 466 513 554 584 641 712 804 918 1038 1217 1422 1707 2011 2434 3062 4035 5423 7776 12142 21303 48229 192861 
6 111 111 115 115 126 129 142 146 153 153 158 161 168 177 182 188 205 209 227 252 270 276 293 310 330 348 374 424 454 493 535 572 648 704 815 920 1024 1185 1396 1658 2001 2468 3074 4029 5472 7859 12254 21394 48464 192752 
7 116 119 122 127 127 134 140 142 145 155 161 175 179 192 199 219 240 245 257 268 284 299 309 334 345 364 393 440 475 530 579 626 690 756 814 912 1044 1217 1408 1685 2052 2465 3042 4019 5489 7787 12148 21526 48325 193778 
8 109 109 114 115 122 122 127 132 137 138 142 144 157 165 175 184 200 212 233 250 261 270 288 295 316 330 353 384 416 471 516 599 662 725 825 916 1010 1153 1339 1623 2037 2481 3041 3901 5411 7896 12020 21688 48370 193223 
9 101 107 114 112 114 116 123 125 132 145 146 153 179 188 197 205 208 215 219 227 256 278 291 308 317 350 365 405 448 501 548 631 665 729 793 900 1006 1177 1428 1721 2032 2429 3077 3998 5573 7828 12297 21683 48673 193409 
10 105 109 112 121 122 122 132 136 150 153 165 172 183 191 199 208 211 221 238 240 259 263 279 292 304 344 374 403 438 474 528 577 629 688 777 858 994 1159 1436 1677 1989 2376 2996 3977 5504 7629 12199 21336 48435 192569 
11 112 116 118 128 134 134 144 153 156 164 167 172 176 183 193 194 212 219 223 234 254 271 288 320 355 381 396 429 460 484 530 580 641 716 812 932 1073 1243 1400 1627 2016 2475 3101 4009 5312 7811 12157 21345 48145 192378 
12 101 108 108 112 114 114 125 138 148 157 171 174 179 181 184 190 199 210 218 239 254 267 277 288 307 339 374 401 450 488 531 591 646 698 786 879 1025 1212 1427 1691 2032 2440 3076 3989 5411 7781 12102 21479 48709 193421 
13 116 120 125 124 127 129 138 149 156 159 164 164 164 168 177 188 206 216 230 241 263 279 296 313 320 356 390 410 438 470 497 582 665 738 807 931 1061 1226 1412 1633 1994 2500 3091 4001 5422 7882 12116 21571 48305 193398 
14 111 114 116 123 123 123 140 140 149 156 158 166 175 183 187 192 196 209 224 235 243 277 298 314 333 363 388 420 445 502 527 572 636 724 795 898 1043 1181 1369 1637 1934 2425 3097 3985 5398 7745 12203 21430 48240 193025 
15 105 105 105 108 122 124 138 141 144 157 166 178 181 185 187 206 218 225 231 240 258 274 288 308 323 345 369 404 458 497 525 592 664 718 795 891 1023 1189 1398 1645 1974 2418 3072 4004 5394 7672 12124 21435 48363 193064 
16 99 103 105 110 117 119 125 130 139 150 155 161 163 174 181 193 202 217 220 232 247 265 285 302 318 336 373 405 441 492 535 584 671 734 806 882 1027 1190 1385 1622 1979 2448 3063 3977 5459 7777 12082 21543 48279 193469 
17 123 129 132 132 132 133 138 142 147 150 154 169 186 192 206 208 220 234 246 265 279 296 318 328 337 355 375 405 451 500 562 604 674 725 835 909 1020 1166 1376 1670 2022 2431 3060 4000 5558 7770 12040 21601 48534 193333 
18 113 113 113 115 118 123 129 131 139 139 150 163 169 182 193 200 217 224 244 247 253 265 282 300 317 344 369 408 448 510 564 620 676 757 821 902 1046 1206 1449 1708 2018 2422 3086 4062 5451 7755 12223 21417 48416 193124 
19 109 112 111 119 126 133 139 142 146 150 158 163 168 179 191 196 204 208 234 244 254 275 297 311 321 334 370 412 442 470 502 585 652 711 794 904 1032 1170 1385 1618 1966 2426 3063 3924 5441 7708 12062 21601 48163 192869 
20 108 108 114 122 126 133 139 143 147 155 161 169 173 182 191 194 197 199 213 231 262 275 290 306 333 355 386 430 462 481 527 589 640 724 824 916 1063 1212 1414 1662 1999 2457 3070 3917 5464 7781 12048 21371 48356 193463 
21 106 108 115 115 125 125 132 135 139 144 149 153 162 163 174 177 195 201 214 235 251 270 288 308 332 360 385 412 445 467 506 567 610 695 813 944 1061 1206 1390 1623 1941 2471 3121 4034 5450 7766 12118 21490 48200 192890 
22 99 110 115 122 131 134 145 147 154 154 161 166 175 182 189 192 198 204 216 223 242 254 281 303 339 363 396 432 464 494 537 587 640 715 805 903 1032 1205 1430 1658 1998 2442 3072 4047 5457 7679 12184 21512 48349 193088 
23 109 114 116 118 123 122 135 134 148 153 156 163 178 185 192 198 210 228 236 245 261 274 307 314 332 352 390 418 463 492 529 586 645 729 810 929 1045 1198 1403 1688 2052 2497 3159 4063 5472 7835 12124 21564 48277 193357 
24 113 115 117 120 130 135 135 135 134 140 151 156 164 169 177 187 202 208 219 245 252 267 285 304 320 340 367 403 434 470 518 572 664 734 807 897 1028 1195 1378 1616 1981 2442 3064 3972 5480 7753 12130 21528 48321 193361 
25 118 124 124 130 136 136 143 143 145 153 158 168 174 179 185 194 201 208 225 241 257 290 305 330 351 367 400 410 451 477 538 601 658 722 829 929 1054 1204 1381 1647 2003 2486 3113 3982 5384 7912 12092 21757 48075 193506 
26 104 113 116 122 125 132 132 138 139 146 153 159 166 176 190 193 203 215 224 246 257 275 300 325 345 371 393 416 443 477 513 570 644 720 823 943 1022 1172 1376 1618 1998 2420 3090 3924 5414 7785 12080 21656 48368 193668 
27 97 106 110 113 124 135 139 144 154 160 160 165 174 181 185 193 197 208 219 230 238 259 275 294 321 374 411 443 479 498 532 570 632 685 786 915 1075 1232 1437 1676 1974 2486 3115 4017 5395 7788 12160 21423 48166 192893 
28 101 104 110 110 112 115 116 125 129 139 149 158 168 171 179 192 200 216 233 246 261 284 293 296 322 350 363 391 442 475 522 576 648 707 833 917 1013 1192 1410 1639 2033 2450 3078 3930 5388 7837 11993 21638 48382 193198 
29 119 119 119 119 119 123 130 134 152 152 159 161 172 178 186 189 203 207 221 239 260 277 298 315 330 364 379 416 460 493 541 597 668 718 811 901 1053 1215 1405 1643 1943 2432 3059 4012 5435 7805 12134 21665 48276 193201 
30 103 108 110 117 125 125 129 135 135 150 156 164 164 171 184 202 208 226 238 242 256 277 290 312 327 347 371 403 437 488 525 587 654 727 786 881 1028 1192 1417 1654 1962 2415 3050 3999 5428 7789 12115 21656 48422 193992 
31 105 109 112 119 127 128 132 133 148 152 160 160 170 180 190 205 216 237 246 253 257 276 282 301 326 343 384 405 459 514 548 599 685 750 826 928 1042 1211 1436 1681 2027 2496 3113 4077 5540 7881 12208 21610 48476 193551 
32 113 115 120 120 121 124 133 135 146 148 157 157 167 178 199 226 233 239 255 266 280 291 306 315 344 367 390 421 456 493 538 609 662 742 818 897 1020 1194 1396 1673 2004 2456 3074 3956 5498 7705 12150 21469 48267 192902 
33 112 111 116 116 121 122 120 126 132 140 147 158 162 172 188 191 204 221 231 241 254 276 286 299 325 361 384 414 441 484 546 602 669 736 831 922 1041 1188 1413 1661 2000 2415 3068 3993 5414 7814 12158 21611 48589 193359 
34 114 114 114 115 123 131 134 137 142 144 154 161 166 177 181 189 199 203 212 225 245 277 282 297 322 340 383 420 445 503 534 591 643 709 799 923 1047 1191 1390 1650 1957 2440 3097 4024 5450 7774 12101 21605 48269 193516 
35 115 118 119 119 121 121 124 128 130 135 146 148 155 159 180 192 195 223 238 259 267 288 299 317 339 358 382 395 444 482 531 595 661 727 833 947 1054 1198 1388 1683 2008 2418 3051 3921 5428 7752 12090 21522 48158 193137 
36 120 127 132 134 137 137 140 151 153 154 158 163 178 183 192 202 210 223 247 265 276 304 316 334 362 364 398 434 461 507 546 589 659 754 847 955 1083 1251 1424 1646 2000 2486 3088 4014 5365 7768 12252 21520 48325 193373 
37 117 119 123 126 134 144 144 144 146 148 161 164 172 179 182 193 202 215 219 235 248 260 296 320 345 378 391 413 444 488 538 583 648 722 826 921 1080 1218 1396 1628 2036 2468 3118 3991 5430 7895 12059 21504 48142 193070 
38 107 111 114 116 125 127 128 128 130 134 145 151 166 173 187 195 203 212 225 241 260 285 294 307 342 363 383 420 441 466 522 596 675 753 858 953 1067 1191 1421 1670 2027 2521 3116 4042 5435 7941 12137 21756 48281 193519 
39 104 104 104 114 118 121 128 133 155 159 160 172 174 179 193 203 210 213 225 244 257 276 279 303 319 353 383 409 446 484 541 584 631 716 795 905 998 1199 1425 1653 1985 2417 3085 4041 5389 7691 12187 21234 48239 192765 
40 107 110 117 119 122 126 132 140 144 148 156 159 176 179 187 199 203 216 234 252 260 292 307 325 334 355 373 406 442 475 537 599 651 723 816 908 1046 1209 1382 1687 2015 2441 3051 4000 5453 7742 12202 21658 48848 193792 
41 104 108 116 120 127 131 134 134 139 145 149 160 162 168 175 198 210 226 242 251 259 275 282 304 322 345 393 424 455 502 548 599 635 735 812 902 1030 1180 1399 1666 2008 2467 3121 4037 5410 7858 12203 21791 48332 193097 
42 110 109 111 117 120 122 127 129 135 135 142 162 169 178 186 195 211 219 223 234 244 266 279 301 322 345 366 398 439 485 522 589 632 695 776 896 1028 1183 1417 1694 1984 2427 3050 4029 5423 7777 12114 21554 48271 192885 
43 112 112 117 127 130 130 137 137 142 141 148 152 154 163 175 187 199 215 225 235 259 266 297 316 342 366 382 401 421 449 511 556 625 728 833 947 1073 1186 1359 1611 1994 2449 3129 3978 5356 7913 12022 21548 48024 192987 
44 104 115 115 122 122 130 136 136 138 149 154 168 175 186 200 202 213 224 228 239 247 256 267 290 327 349 386 413 459 509 549 599 655 707 787 873 1035 1205 1440 1680 2000 2446 3097 4050 5478 7778 12084 21556 48504 193275 
45 88 90 98 102 112 119 122 128 132 140 142 151 163 180 190 192 204 210 216 230 239 251 264 288 317 356 383 420 461 498 542 614 645 688 756 875 1059 1217 1404 1654 1993 2403 3094 4066 5440 7823 12287 21390 48438 193173 
46 87 91 97 102 108 112 113 125 133 140 143 151 157 166 182 182 185 186 203 226 244 258 270 288 327 348 386 419 463 494 526 597 638 730 794 916 1049 1204 1419 1666 1982 2412 3108 4060 5428 7751 12113 21459 48175 192976 
47 105 109 109 118 121 124 130 132 136 144 151 162 168 178 193 196 207 222 222 244 251 258 281 295 329 351 378 405 431 475 518 595 649 705 797 893 1025 1190 1410 1651 1996 2407 3111 3943 5421 7804 12283 21513 48161 193073 
48 112 118 121 125 131 137 142 147 150 164 174 175 179 190 199 201 216 222 231 231 246 269 281 305 329 355 376 420 455 509 533 599 648 701 793 888 1046 1208 1408 1630 1971 2394 3039 4042 5447 7760 12281 21386 48166 192614 
49 104 105 110 115 127 126 129 131 134 142 149 160 164 173 186 191 202 217 227 237 245 254 262 277 308 343 358 396 437 464 516 563 632 707 789 881 996 1165 1361 1612 1955 2400 3030 3957 5404 7754 12149 21582 48543 193943 
50 114 117 123 125 131 134 134 138 143 144 146 152 159 162 171 174 192 203 221 232 251 268 294 307 322 355 377 404 415 457 493 555 631 731 839 941 1064 1218 1355 1625 1965 2469 3119 4002 5336 7742 11972 21409 48057 192685 
51 112 112 121 122 127 126 133 136 141 144 144 156 160 179 182 196 204 217 223 239 259 262 276 295 322 346 381 410 438 481 510 571 624 702 808 890 1009 1169 1378 1616 1982 2451 3109 4013 5428 7887 12182 21569 48169 193271 
52 114 117 123 125 126 130 137 142 150 152 163 167 171 181 185 192 196 215 230 250 263 280 307 330 342 368 387 406 421 473 520 577 647 719 835 927 1052 1221 1420 1667 1984 2484 3072 4022 5475 7835 12230 21599 48441 193103 
53 98 103 109 109 112 124 131 131 132 136 139 145 154 168 182 192 212 218 241 251 258 279 291 304 327 342 363 392 408 468 531 589 669 715 823 930 1033 1167 1400 1692 2046 2452 3026 3922 5470 7820 12116 21644 48410 193216 
54 113 115 121 121 127 132 143 146 150 148 155 161 169 177 195 200 209 211 227 243 261 281 287 315 329 348 371 407 425 476 532 589 686 751 832 924 1050 1177 1367 1667 2032 2528 3095 4016 5420 7906 12161 21590 48064 193095 
55 109 111 113 121 125 133 133 143 144 149 153 158 169 179 180 191 207 221 225 230 251 271 284 312 335 361 392 428 441 476 533 596 657 727 812 937 1071 1229 1401 1669 1976 2445 3089 3990 5431 7799 12196 21518 48163 193088 
56 115 114 114 120 125 136 150 152 156 156 163 167 169 178 190 199 203 212 222 240 249 267 287 306 335 358 384 431 454 490 525 563 625 716 810 905 1035 1198 1407 1630 1952 2417 3054 4010 5411 7737 12120 21412 48300 192982 
57 118 120 123 126 128 131 137 140 146 148 148 149 161 175 188 198 205 209 223 242 275 282 286 313 329 357 382 399 443 487 532 599 678 737 828 944 1061 1182 1380 1652 2053 2497 3089 3964 5427 7836 12013 21637 48148 193447 
58 97 101 107 110 114 116 126 128 142 148 156 161 165 166 176 185 210 220 230 237 251 267 285 303 310 333 365 392 425 479 531 594 644 709 798 901 1017 1186 1421 1727 2025 2434 3079 3966 5557 7771 12081 21560 48481 192760 
59 104 108 111 111 113 119 119 127 134 144 158 163 164 178 192 194 202 206 231 237 253 273 294 312 336 357 386 408 443 497 545 594 656 722 795 917 1052 1181 1392 1663 1990 2453 3119 4042 5496 7866 12128 21628 48393 193578 
60 109 109 114 117 122 130 140 142 148 153 159 163 176 184 186 192 200 222 224 239 242 265 281 305 323 348 369 414 440 484 553 592 639 736 803 916 1062 1215 1399 1684 2010 2454 3095 4052 5429 7699 12191 21475 48600 193186 
61 106 110 115 120 127 134 145 153 151 156 159 170 179 188 196 201 207 217 232 237 250 269 289 310 327 357 381 426 458 479 524 577 640 719 798 885 1070 1183 1392 1654 1990 2468 3101 3960 5482 7753 12123 21634 48117 193319 
62 97 108 112 121 129 135 140 142 149 156 157 159 167 177 184 192 207 213 226 237 258 269 285 305 334 357 375 416 449 481 529 582 643 721 812 926 1054 1205 1405 1663 2070 2464 3106 4073 5550 7765 12166 21621 48482 193756 
63 105 107 113 118 121 126 128 132 133 139 156 165 164 175 193 205 215 225 234 248 250 268 285 294 313 338 355 397 429 481 530 592 670 731 799 880 999 1152 1385 1665 2011 2402 3009 3955 5388 7720 12164 21409 48476 193282 
64 107 110 114 116 121 123 131 133 138 140 144 151 159 166 173 186 193 201 207 214 242 260 274 304 318 333 358 398 416 448 519 574 622 686 795 889 1008 1167 1346 1610 1999 2495 3104 4036 5470 7873 12081 21620 48580 193431 
65 108 115 120 122 125 129 140 144 151 154 168 173 180 189 199 208 222 226 228 233 240 243 279 311 335 370 412 425 469 499 550 600 653 713 785 916 1058 1223 1403 1663 1970 2453 3129 4024 5362 7716 12137 21588 48305 192936 
66 113 113 116 117 123 126 128 136 141 148 158 166 173 186 188 207 209 216 224 228 253 266 278 287 315 332 361 398 449 495 547 621 660 729 801 888 1024 1202 1455 1708 2039 2440 3086 4054 5540 7732 12164 21497 48554 193355 
67 103 105 113 116 122 129 131 139 150 164 170 180 184 187 188 192 195 202 214 233 240 250 281 302 336 372 391 433 451 487 537 579 635 690 794 921 1063 1227 1414 1684 1968 2425 3100 4052 5432 7855 12178 21515 48342 192953 
68 106 112 112 117 122 124 126 132 139 143 151 162 178 190 196 197 200 212 221 234 247 254 270 300 322 346 384 406 458 498 533 578 646 710 820 923 1045 1183 1420 1665 1964 2426 3044 4002 5376 7869 12121 21585 48311 193676 
69 108 115 115 116 119 123 128 144 149 151 154 163 179 189 197 206 211 221 228 234 247 273 285 309 333 350 382 404 457 513 555 605 673 733 793 913 1035 1200 1408 1706 2024 2458 3080 3986 5454 7805 12134 21493 48209 193280 
70 106 109 109 112 113 119 119 133 138 142 147 163 168 177 188 193 206 225 242 247 253 260 268 285 310 328 358 386 450 484 541 594 667 729 785 871 1007 1175 1386 1684 2022 2424 3011 3959 5513 7705 12204 21493 48605 193063 
71 102 109 116 117 117 126 134 140 147 155 164 167 169 176 179 184 205 212 230 236 252 259 271 291 320 350 373 398 437 480 521 578 629 709 801 893 1045 1206 1377 1674 1991 2451 3044 3976 5330 7775 12052 21552 48162 193617 
72 98 100 100 106 110 123 123 133 140 139 143 156 165 173 183 187 200 207 215 225 236 248 275 298 328 343 369 406 448 475 530 574 618 695 790 901 1059 1217 1444 1670 1988 2410 3099 4009 5449 7813 12118 21466 48404 193615 
73 101 101 104 108 113 116 127 137 146 150 157 157 175 176 183 191 201 216 225 234 249 263 276 286 305 334 381 412 467 501 544 598 673 719 781 879 997 1204 1398 1656 1996 2369 3001 3997 5442 7713 12303 21394 48677 192866 
74 113 116 116 117 117 123 126 133 143 153 152 160 164 169 178 189 201 210 230 242 246 267 293 306 325 345 372 397 435 490 534 588 660 722 805 904 1027 1167 1405 1649 2042 2450 3079 3951 5455 7790 12064 21573 48327 193385 
75 103 103 105 113 113 117 120 121 134 142 149 153 160 164 179 192 206 221 245 257 265 277 287 306 318 343 349 393 425 464 518 579 651 733 816 919 1010 1174 1388 1645 2055 2512 3109 3991 5487 7936 12039 21691 48531 193456 
76 91 91 91 102 109 111 116 120 126 134 151 154 162 171 178 188 191 199 206 213 235 259 271 294 313 339 386 421 462 496 541 592 635 708 781 873 1020 1219 1471 1712 1993 2430 3057 4070 5492 7756 12356 21538 48460 192876 
77 108 113 113 116 118 128 132 132 138 141 147 146 156 167 177 187 207 215 228 227 248 260 282 302 333 349 372 400 445 484 532 569 633 725 795 899 1035 1197 1375 1631 1951 2440 3072 4026 5413 7831 12215 21393 48389 192963 
78 106 108 114 125 127 139 146 152 154 159 170 180 183 190 191 200 208 213 224 232 248 268 284 309 339 361 408 435 452 494 536 573 649 716 838 943 1097 1258 1440 1653 2026 2485 3108 4062 5376 7806 12168 21534 48385 192643 
79 104 104 109 115 124 129 135 135 148 148 154 156 170 185 187 199 213 228 231 243 256 272 292 312 332 348 389 412 453 511 544 597 643 725 797 918 1059 1208 1428 1672 1990 2467 3110 4061 5451 7771 12171 21452 48191 193078 
80 115 115 117 129 135 135 139 140 144 149 157 167 171 187 189 193 201 230 236 255 264 267 286 303 321 334 358 396 444 491 547 603 649 735 813 897 1025 1201 1398 1651 1980 2454 3099 4043 5408 7707 12166 21644 48393 193273 
81 104 104 104 107 118 119 121 122 132 134 141 143 150 157 172 192 203 208 221 241 259 272 289 303 331 350 370 406 441 472 534 568 662 735 835 913 1015 1176 1383 1677 2011 2488 3094 3927 5437 7849 12080 21674 48164 193464 
82 111 111 113 115 123 128 131 134 134 136 146 155 155 166 177 189 203 210 219 226 245 259 290 319 356 382 393 415 454 483 515 557 638 737 817 927 1077 1235 1399 1636 1959 2462 3102 3992 5350 7830 12092 21553 48326 193227 
83 124 124 124 131 131 133 135 142 148 153 157 164 169 183 193 201 205 221 235 240 250 279 302 319 344 364 390 411 445 474 535 594 655 740 826 932 1050 1185 1394 1658 2033 2517 3083 3973 5456 7907 12052 21533 48292 192951 
84 112 112 116 122 124 128 128 133 138 143 145 150 159 173 179 187 205 217 232 251 268 279 301 313 356 374 388 409 456 499 537 595 665 735 824 923 1034 1212 1393 1685 2031 2503 3115 4013 5411 7832 12129 21574 48017 193033 
85 109 111 114 120 122 128 131 140 149 160 172 186 194 202 213 222 222 227 234 246 259 275 287 300 319 341 371 408 471 519 564 619 668 725 813 899 1005 1205 1421 1698 1991 2439 3088 4014 5449 7754 12125 21489 48497 193641 
86 110 113 113 121 125 134 136 143 152 153 155 164 176 182 191 200 210 216 227 238 255 261 287 302 329 356 389 429 462 518 551 616 679 743 806 940 1068 1258 1438 1722 2041 2511 3104 4090 5468 7863 12189 21651 48293 192971 
87 101 112 114 117 121 126 133 138 140 142 150 159 166 169 175 190 200 221 227 236 245 260 287 315 343 373 386 420 465 496 534 577 645 712 804 926 1085 1223 1397 1678 2027 2518 3169 4071 5460 7863 12171 21672 48308 192837 
88 110 116 116 116 125 133 138 144 150 155 155 170 175 177 189 201 208 222 229 247 254 276 301 321 334 351 381 401 440 480 527 571 629 712 808 904 1018 1177 1348 1626 1961 2427 3069 3964 5373 7810 12056 21492 48181 193528 
89 109 116 119 119 119 123 131 137 141 149 155 166 171 175 177 184 191 204 217 233 245 273 297 313 336 357 378 405 438 479 514 567 632 720 795 934 1061 1199 1377 1634 1935 2455 3140 3975 5396 7778 12152 21470 48197 192996 
90 99 99 99 114 114 121 130 130 130 145 168 179 190 195 207 216 218 231 236 243 251 263 277 302 333 361 393 430 476 523 558 617 673 731 794 908 1020 1191 1466 1736 2048 2457 3089 4085 5511 7767 12346 21316 48743 193244 
91 97 100 113 116 123 123 133 141 148 150 150 159 161 169 177 188 192 209 219 223 229 244 262 289 312 342 358 390 428 476 527 573 641 714 801 914 1044 1185 1391 1654 1992 2432 3047 3962 5418 7743 12199 21469 48350 192913 
92 103 108 112 116 122 134 138 142 142 141 145 145 155 170 175 177 187 197 210 225 246 265 275 297 318 355 377 399 440 478 524 571 614 691 797 899 1044 1212 1383 1651 1948 2388 3076 3989 5406 7664 12167 21266 48253 192516 
93 98 100 106 108 112 118 120 130 132 134 142 148 155 160 162 175 198 204 216 229 233 247 259 287 299 327 358 395 425 458 486 560 604 689 782 893 987 1147 1335 1664 1976 2426 3078 3960 5400 7773 12112 21604 48286 193697 
94 109 110 115 118 118 121 120 131 139 143 146 158 170 176 186 191 198 215 228 244 258 271 280 292 326 356 379 415 458 496 537 615 671 743 819 908 1050 1220 1428 1652 2060 2466 3083 4068 5535 7804 12220 21569 48370 192712 
95 110 112 114 119 121 126 130 132 140 147 158 161 171 179 188 194 199 212 222 229 246 261 286 305 332 358 388 408 442 468 509 569 625 715 813 898 1034 1235 1418 1649 1950 2449 3107 4023 5344 7719 12214 21406 48343 193087 
96 108 117 122 134 137 141 143 148 158 164 166 169 171 180 195 206 212 220 231 245 258 277 309 319 337 365 395 418 456 488 530 578 657 718 810 915 1053 1221 1421 1684 1990 2420 3053 3982 5441 7814 12165 21418 48442 192774 
97 104 110 113 118 124 137 143 148 148 148 152 157 169 179 184 188 190 208 222 239 245 262 289 309 340 359 389 428 462 495 531 580 651 715 794 920 1053 1182 1356 1664 2010 2475 3133 4042 5429 7760 12160 21650 48509 193601 
98 103 107 107 109 120 131 142 147 152 164 172 182 189 192 193 205 215 226 243 254 265 277 289 313 329 366 389 435 460 502 552 604 648 740 820 919 1059 1235 1425 1677 2018 2469 3094 4077 5486 7829 12186 21542 48413 192903 
99 109 114 114 114 117 124 131 131 136 140 148 150 160 176 194 206 213 219 231 237 248 272 284 301 326 355 379 401 441 499 546 624 668 736 827 922 1053 1197 1398 1680 2045 2432 3049 3980 5483 7792 12268 21536 48524 193363 
100 105 105 107 108 111 115 123 126 125 139 145 147 152 168 179 188 197 204 224 252 264 280 292 308 320 345 374 397 450 475 515 576 638 710 816 916 1033 1207 1371 1627 2008 2455 3092 3963 5369 7827 12065 21586 47974 193060 
101 111 110 112 118 123 125 139 139 144 147 150 155 155 166 173 181 202 212 220 240 258 278 291 314 341 372 391 427 446 473 509 583 666 754 863 943 1072 1207 1384 1625 2025 2532 3102 3981 5458 7930 12147 21745 48430 193586 
102 113 115 117 117 121 126 134 138 141 148 159 160 171 175 180 184 202 212 219 231 249 278 288 304 332 356 385 409 450 494 530 578 640 699 771 905 1014 1187 1403 1677 2022 2404 3090 4002 5386 7760 12097 21580 48279 193446 
103 122 124 127 127 129 137 138 144 147 154 154 171 179 186 192 201 217 242 252 252 269 276 294 310 327 356 373 411 455 483 530 601 675 731 795 903 1033 1161 1387 1651 2003 2384 3006 3940 5438 7789 12021 21479 48253 193237 
104 105 109 113 117 124 123 129 132 137 144 150 155 159 167 177 188 199 210 226 235 259 272 288 314 333 359 380 414 444 474 509 578 634 718 786 909 1038 1207 1389 1637 1990 2422 3038 4022 5413 7716 12123 21497 48362 193054 
105 105 111 111 117 119 119 121 126 129 132 140 150 152 164 168 174 184 201 221 256 266 276 294 308 335 351 363 388 421 463 498 574 647 736 826 933 1035 1204 1383 1629 2018 2524 3127 3970 5387 7868 12086 21565 48200 193040 
106 107 109 109 112 122 129 134 134 143 150 148 151 162 181 188 192 202 214 225 247 257 271 304 316 336 360 385 405 443 479 532 585 639 693 788 912 1050 1210 1392 1637 1975 2483 3128 4045 5441 7855 12199 21494 48386 193081 
107 113 113 120 126 128 133 142 148 148 157 163 167 168 173 189 197 207 211 221 245 261 271 292 317 347 380 404 432 462 499 538 602 652 734 841 919 1052 1190 1418 1688 2024 2462 3021 3981 5389 7815 11993 21603 48323 193079 
108 106 108 113 115 118 124 133 141 146 155 162 178 183 194 207 216 218 218 225 230 248 254 271 289 330 372 396 441 466 529 564 615 656 699 779 892 1036 1244 1451 1717 1997 2455 3071 4061 5508 7663 12225 21512 48467 193133 
109 95 105 107 114 119 126 127 125 130 137 147 149 154 164 176 189 191 214 218 232 239 259 279 306 327 339 368 406 447 492 526 576 658 731 812 921 1060 1183 1388 1650 2005 2456 3075 3972 5418 7874 12103 21490 48086 193370 
110 107 110 114 117 117 122 126 134 139 142 151 156 170 177 194 201 201 218 229 247 260 272 289 304 326 352 368 392 435 489 534 578 648 724 806 903 1049 1181 1388 1657 1958 2444 3082 3959 5430 7876 12045 21661 48250 193156 
111 111 114 116 116 119 121 127 132 143 143 153 158 158 172 182 198 212 230 235 245 267 273 280 302 311 335 361 408 443 475 544 597 640 725 799 910 1031 1213 1443 1734 2038 2456 3107 4111 5635 7710 12261 21721 48818 193258 
112 115 115 122 135 138 142 142 150 150 155 162 168 170 176 198 211 224 234 243 252 268 284 294 322 348 371 390 419 453 469 516 571 620 722 829 929 1051 1192 1382 1651 1967 2470 3143 4019 5439 7929 12169 21505 48248 193292 
113 98 105 107 110 116 124 136 138 138 140 144 147 155 167 172 175 180 189 201 226 245 256 280 298 318 334 360 392 430 451 505 557 608 670 776 877 1040 1189 1380 1638 1981 2444 3094 4061 5394 7807 12174 21407 48202 193008 
114 113 113 115 121 126 126 126 136 138 145 156 158 166 173 179 180 202 215 231 248 259 284 318 331 340 365 377 404 433 473 513 571 629 721 832 945 1061 1215 1414 1662 2007 2512 3129 4015 5462 7738 12256 21607 48359 193159 
115 108 115 117 122 125 128 132 135 141 155 157 157 169 177 180 189 199 206 215 230 258 272 282 306 331 355 375 411 463 498 544 582 640 697 803 899 1040 1203 1405 1652 1994 2459 3095 3998 5437 7793 12184 21485 48430 193495 
116 111 117 121 128 130 131 134 137 141 142 144 145 155 170 178 189 203 210 230 240 265 288 310 324 336 351 368 397 437 469 503 583 654 718 802 911 1030 1175 1365 1648 1990 2466 3103 4011 5504 7813 12190 21639 48622 193324 
117 104 114 114 118 123 132 135 139 146 150 153 159 169 179 184 194 203 212 225 239 255 275 292 308 329 357 383 413 459 485 523 568 611 703 780 896 1026 1206 1387 1666 1945 2458 3048 3977 5422 7733 12059 21505 48025 193168 
118 103 105 112 116 120 123 131 131 143 154 160 168 181 184 184 188 193 200 216 237 252 274 288 297 324 339 381 430 483 507 549 619 661 732 814 927 1057 1223 1458 1718 2029 2461 3087 4038 5444 7718 12139 21499 48290 192833 
119 104 106 107 110 112 117 125 128 131 136 140 154 167 176 184 190 200 213 222 233 245 256 265 298 326 359 386 419 438 487 533 586 652 731 800 893 1041 1208 1370 1622 1961 2398 3019 3955 5418 7691 12086 21586 48179 193304 
120 102 110 109 115 134 140 140 142 149 151 160 164 173 184 192 205 207 213 230 245 257 274 304 318 336 355 394 415 444 484 533 582 631 703 806 917 1067 1205 1411 1669 2001 2445 3103 4006 5456 7795 12080 21531 48458 193514 
121 110 115 118 121 121 134 134 137 146 152 152 156 168 173 183 203 221 228 251 262 264 278 295 324 342 356 389 417 452 488 534 600 675 734 820 935 1058 1200 1414 1653 2019 2458 3101 4025 5449 7815 12112 21443 48243 193171 
122 101 101 104 109 110 113 114 115 119 132 143 146 155 180 196 205 208 223 234 248 262 283 293 302 319 333 366 413 455 497 555 620 675 737 829 939 1031 1230 1420 1704 2027 2441 3053 3985 5466 7839 12089 21581 48518 193779 
123 109 114 116 119 133 135 138 139 144 152 159 166 176 181 195 211 217 222 227 247 255 262 284 298 324 353 399 432 456 482 531 586 642 717 781 901 1025 1154 1336 1621 1953 2454 3097 3997 5413 7826 12144 21682 48301 193485 
124 115 120 123 128 131 138 147 149 152 155 163 167 177 179 184 188 202 211 223 233 242 270 300 326 342 379 391 426 446 479 525 564 626 722 821 935 1095 1253 1424 1627 1951 2420 3118 4011 5380 7915 12193 21425 47935 192886 
125 112 112 115 118 118 122 140 150 152 153 151 169 168 177 190 204 216 222 235 248 270 278 292 317 336 348 375 411 453 478 512 562 655 738 835 915 1050 1209 1400 1670 1996 2492 3068 4017 5487 7758 12084 21655 48325 193140 
126 109 115 118 123 124 128 128 138 141 149 158 166 177 184 186 196 205 222 234 254 260 273 298 310 327 353 374 407 447 480 536 592 674 752 828 920 1036 1206 1395 1642 2022 2421 3105 3961 5411 7800 12266 21582 48212 193047 
127 97 97 101 112 117 124 129 142 146 157 162 172 183 185 206 206 228 238 247 253 257 274 288 307 328 347 388 429 470 510 544 599 658 725 803 884 1037 1197 1406 1700 2047 2416 3053 4026 5496 7745 12223 21638 48638 193266 
128 117 120 120 124 130 142 148 154 163 173 174 177 181 183 191 198 207 222 245 260 264 273 296 321 365 386 410 448 475 494 525 572 634 703 808 912 1059 1209 1409 1643 1951 2434 3110 3996 5365 7806 12200 21477 48282 193081 
129 110 110 111 122 125 128 136 137 148 148 151 161 171 179 196 201 214 216 226 249 263 282 292 305 336 357 379 398 445 488 531 589 642 697 801 898 1013 1208 1376 1652 1998 2468 3081 3991 5376 7767 12001 21503 48077 192870 
130 116 118 129 142 146 152 151 154 158 161 163 166 168 168 175 186 202 223 238 260 277 294 313 328 356 377 411 421 452 475 515 570 638 721 814 935 1065 1191 1364 1619 2024 2507 3134 4041 5391 7925 12064 21473 48183 192762 
131 116 119 119 127 129 129 140 143 147 156 158 161 169 174 185 193 220 231 247 251 272 293 314 345 361 382 413 442 458 478 531 586 655 778 857 961 1079 1232 1389 1643 2000 2497 3145 3937 5411 7910 12130 21547 48389 193344 
132 110 110 119 119 119 125 127 130 136 143 152 170 180 178 187 202 210 217 230 251 265 285 294 306 323 333 360 398 416 485 532 575 662 735 818 900 1024 1184 1357 1661 2016 2478 3078 3949 5387 7830 12131 21534 48360 193170 
133 122 122 128 131 137 146 149 152 152 157 165 171 174 189 191 204 215 224 234 239 258 271 285 304 331 367 386 425 464 489 535 589 640 728 814 911 1028 1175 1398 1664 2008 2425 3111 3985 5486 7754 12117 21517 48249 192786 
134 99 110 114 117 120 129 133 137 139 143 150 159 159 170 174 189 200 203 221 230 242 254 292 307 329 358 382 409 442 485 540 570 625 695 812 916 1055 1219 1403 1627 1934 2395 3043 4052 5346 7698 12203 21345 48411 192494 
135 104 106 112 112 119 131 134 139 143 143 147 152 163 168 175 182 188 202 220 233 248 265 280 299 326 349 377 400 426 476 519 567 642 723 803 917 1040 1181 1393 1640 2023 2453 3106 3927 5404 7794 12071 21469 48207 193206 
136 107 114 120 122 124 134 134 138 139 142 149 160 172 180 187 194 202 213 221 227 236 258 290 316 340 361 380 410 447 498 545 577 634 702 807 914 1035 1184 1374 1645 1985 2456 3110 3996 5395 7850 12182 21620 48359 193375 
137 104 110 113 113 119 132 137 139 144 148 155 164 169 186 185 189 193 206 224 242 261 269 286 299 326 341 360 395 453 488 532 583 640 709 789 887 1024 1179 1379 1627 1991 2406 2999 3944 5435 7766 12134 21530 48304 193221 
138 116 122 122 124 129 132 135 146 154 158 160 166 178 185 191 204 215 228 244 251 262 271 285 311 338 370 382 419 457 492 535 591 660 741 807 892 1030 1226 1446 1702 2022 2469 3075 4078 5485 7817 12125 21586 48349 193549 
139 108 112 111 115 121 127 127 133 139 145 144 158 162 181 184 188 198 210 226 238 245 255 274 303 322 341 371 399 438 469 505 558 634 709 796 910 1067 1200 1404 1622 1974 2449 3131 4003 5358 7835 12147 21618 48298 193228 
140 112 112 113 116 122 126 130 137 144 152 162 171 187 200 202 207 209 217 224 236 249 261 281 295 325 357 385 428 482 506 560 589 649 713 815 920 1070 1213 1439 1660 1990 2463 3101 4082 5416 7756 12128 21372 48549 193340 
141 110 114 115 130 134 136 140 141 144 144 152 162 181 190 196 202 212 220 239 248 268 277 296 309 336 358 381 407 453 481 523 567 642 695 803 912 1016 1159 1404 1662 1970 2359 3051 4035 5414 7770 12220 21399 48467 192722 
142 99 99 104 107 117 121 122 128 134 141 151 160 176 189 202 204 212 232 238 242 251 264 277 294 313 338 378 412 469 498 551 606 662 743 808 916 1047 1212 1435 1727 2065 2483 3084 4066 5558 7753 12283 21554 48653 193202 
143 106 108 118 118 122 122 129 130 141 145 148 161 175 184 199 205 212 221 232 243 257 277 294 314 334 354 380 411 442 506 544 600 663 735 807 924 1056 1227 1401 1667 1988 2437 3131 4069 5421 7725 12160 21472 48147 192911 
144 106 109 116 124 130 132 134 137 144 144 150 158 169 180 186 201 206 219 235 252 255 279 300 315 337 364 392 408 436 480 538 596 659 724 830 922 1071 1201 1404 1694 2022 2469 3096 4015 5477 7826 12262 21679 48800 193375 
145 104 107 109 117 119 122 126 130 134 145 152 159 174 181 194 210 214 224 237 246 251 263 286 294 320 352 379 413 452 491 541 595 647 705 780 898 1043 1199 1430 1677 2020 2422 3007 4000 5448 7769 12084 21533 48369 193258 
146 112 115 118 120 129 133 139 146 152 161 161 175 175 185 195 202 205 218 235 247 262 293 311 326 335 360 395 441 472 507 555 616 674 734 821 920 1077 1207 1403 1682 1988 2428 3037 4008 5486 7769 12085 21502 48434 193301 
147 103 109 112 118 118 130 130 132 132 141 145 145 155 167 176 183 201 212 223 240 256 264 299 310 331 353 367 393 424 469 509 575 647 721 804 906 1018 1153 1335 1611 1985 2453 3030 3956 5452 7888 12131 21504 48463 193172 
148 121 126 129 132 132 140 144 146 151 153 153 155 157 162 176 190 200 215 234 252 278 290 315 339 349 364 390 422 446 481 510 567 680 747 856 975 1102 1229 1377 1649 2002 2540 3156 4011 5416 7967 12083 21775 48188 193536 
149 99 99 106 117 127 127 133 138 141 145 147 154 157 175 181 196 206 215 227 238 258 273 296 300 310 336 376 412 447 472 530 599 662 735 824 925 1023 1168 1369 1648 2003 2448 3023 4029 5459 7778 12185 21482 48411 192946 
150 104 109 109 114 118 123 126 129 145 145 156 159 169 174 180 190 194 211 222 238 248 267 277 307 329 334 375 426 465 488 529 580 648 722 823 901 1014 1183 1403 1623 2004 2417 3053 4023 5464 7833 12149 21647 48386 193322 
151 104 106 106 106 121 122 132 137 138 138 142 150 164 183 195 199 202 218 236 250 268 280 293 308 330 354 375 415 447 485 533 596 652 717 808 907 1040 1207 1406 1658 1997 2443 3095 4036 5463 7748 12231 21579 48270 192997 
152 98 106 111 121 127 131 139 146 147 154 156 160 179 183 192 192 197 221 228 241 258 270 300 325 341 364 396 421 470 499 540 580 651 732 795 917 1041 1203 1379 1650 2006 2470 3092 4035 5455 7888 12197 21590 48472 193242 
153 104 109 109 111 112 115 119 123 126 126 130 139 145 161 175 189 205 227 236 245 260 269 280 299 323 340 363 396 434 459 512 593 643 720 825 921 1034 1161 1351 1637 1987 2460 3049 3935 5476 7808 12132 21754 48572 193491 
154 101 105 104 110 123 123 136 141 147 155 157 172 171 185 196 206 219 234 245 253 269 277 290 308 328 366 386 414 462 502 573 605 647 724 811 925 1046 1209 1399 1717 2043 2470 3120 4070 5489 7824 12223 21507 48273 193330 
155 117 116 117 122 129 130 140 140 149 155 159 162 166 166 172 191 192 208 213 227 248 262 281 300 318 348 383 400 452 486 522 562 626 685 809 946 1044 1194 1352 1647 1961 2419 3105 4020 5389 7765 12111 21296 47977 192900 
156 103 105 110 114 114 118 122 125 130 135 153 156 169 181 185 203 208 224 229 250 263 273 285 307 320 366 376 408 447 486 542 618 679 734 826 926 1046 1191 1408 1689 2037 2477 3083 4028 5541 7828 12138 21501 48288 192658 
157 102 102 102 106 108 122 144 142 152 158 160 168 173 187 196 204 219 234 237 253 262 274 289 303 330 360 396 429 464 499 530 591 662 727 812 924 1055 1227 1431 1655 1949 2425 3072 4040 5417 7724 12213 21500 48390 193248 
158 115 115 115 115 127 127 136 139 147 149 157 159 172 180 200 205 224 239 246 264 272 286 298 323 343 361 387 416 471 503 554 591 659 743 814 925 1054 1201 1400 1662 1989 2445 3082 4009 5435 7826 12140 21430 48370 192425 
159 101 105 114 118 117 122 134 145 148 156 166 179 184 191 197 199 206 217 219 247 270 289 305 317 342 367 396 425 436 487 537 599 656 737 841 958 1047 1199 1398 1672 2052 2513 3156 4020 5430 7894 12191 21604 48065 192651 
160 110 110 110 116 118 123 129 135 139 142 144 159 173 180 187 195 215 222 238 241 260 267 287 301 320 342 370 386 420 473 531 592 650 733 805 921 1024 1188 1386 1675 2030 2485 3100 3998 5456 7763 12179 21553 48604 193555 
161 120 120 120 124 127 129 131 139 143 148 153 161 174 178 190 208 227 236 244 256 271 289 304 325 341 355 372 400 446 499 531 597 665 724 823 917 1050 1194 1403 1691 2017 2496 3109 3970 5391 7758 12038 21549 48130 193341 
162 105 112 117 121 123 123 124 130 136 144 147 151 157 164 175 192 200 209 218 236 238 256 287 300 333 355 377 412 445 493 519 571 626 695 820 907 1030 1206 1390 1675 1976 2430 3066 4045 5382 7714 12136 21520 48380 193186 
163 100 107 120 120 122 126 126 127 130 137 142 145 153 167 176 180 187 203 217 226 240 252 273 293 318 344 380 398 442 473 510 574 637 720 809 899 1046 1198 1418 1644 1999 2442 3059 4049 5398 7831 12211 21502 48255 193270 
164 101 101 105 110 115 125 131 138 145 147 163 168 178 183 186 204 204 216 230 244 253 270 286 296 314 338 383 421 434 481 533 599 661 714 798 901 1023 1160 1358 1632 2016 2436 3028 3975 5416 7746 12172 21654 48610 193199 
165 104 111 112 115 123 129 137 138 142 152 157 177 184 190 197 199 202 214 226 242 254 270 275 307 327 359 405 436 471 512 560 596 659 739 838 938 1068 1239 1460 1692 2024 2473 3112 4040 5462 7805 12175 21512 48609 192675 
166 119 122 123 127 136 136 141 145 152 160 162 166 169 171 185 198 214 226 239 258 261 283 303 317 350 366 386 430 462 503 549 592 656 730 802 911 1031 1204 1384 1634 2004 2432 3048 4005 5427 7741 12039 21436 48332 193132 
167 107 106 112 116 116 121 127 138 148 156 167 173 174 182 189 203 209 212 221 235 253 267 297 313 328 342 375 418 460 509 552 606 667 737 815 916 1047 1218 1418 1703 1973 2478 3100 4078 5484 7790 12213 21513 48526 193021 
168 103 104 109 111 123 125 137 142 147 147 150 153 158 164 171 178 189 202 218 231 238 268 305 318 337 353 386 408 443 473 498 549 633 704 820 938 1091 1225 1384 1614 1958 2523 3156 4046 5366 7902 12184 21625 48125 193202 
169 100 105 105 109 115 118 123 123 124 134 140 150 159 176 182 190 203 209 219 234 239 262 277 297 317 349 374 409 448 480 528 588 633 718 795 914 1053 1219 1397 1635 1939 2416 3072 3981 5401 7814 12112 21523 48400 193454 
170 117 117 117 119 121 125 125 134 142 155 155 157 164 166 174 188 202 220 235 243 253 264 281 315 341 349 383 408 436 477 520 585 639 700 811 896 1017 1189 1399 1645 2008 2427 3069 4003 5426 7715 12230 21377 48336 192600 
171 105 120 126 124 131 136 141 141 141 143 155 157 161 161 176 186 199 207 220 235 257 285 301 321 342 362 377 408 439 473 513 572 647 726 828 929 1036 1167 1358 1639 2000 2502 3087 3973 5440 7864 12072 21593 48248 193324 
172 113 115 118 122 127 129 130 132 132 136 138 147 151 163 179 196 202 210 220 228 253 256 287 302 321 351 368 394 426 482 523 573 637 709 808 921 1035 1169 1432 1745 2019 2480 3120 4008 5497 7794 12243 21663 48623 193631 
173 113 113 117 118 118 127 133 140 139 141 153 153 163 167 178 188 198 215 232 248 259 271 287 311 328 353 369 416 444 483 533 588 665 721 813 933 1041 1189 1385 1703 2032 2491 3153 4000 5477 7916 12218 21729 48608 193928 
174 104 109 112 120 125 128 133 139 141 146 148 157 161 166 177 185 189 211 229 238 267 278 292 321 334 357 382 405 427 469 519 572 649 727 835 919 1048 1200 1378 1615 1952 2455 3125 4018 5475 7853 12194 21689 48323 193935 
175 116 116 119 125 131 142 146 149 162 171 171 171 178 183 188 199 203 214 222 231 246 258 286 321 343 370 391 416 463 494 531 569 623 687 801 909 1081 1232 1410 1651 1942 2388 3112 4115 5474 7768 12313 21549 48584 193115 
176 101 104 108 111 122 122 124 125 129 135 138 148 154 166 176 182 208 224 227 239 241 270 280 301 313 338 370 414 445 471 534 595 653 737 794 915 1051 1242 1464 1717 2037 2473 3100 4056 5522 7796 12199 21532 48348 193191 
177 104 106 111 113 120 137 145 147 149 159 161 165 169 177 181 186 193 201 209 231 244 265 281 302 310 347 377 418 452 508 537 595 655 736 796 928 1038 1214 1397 1647 2016 2433 3093 4029 5429 7827 12106 21511 48183 192986 
178 116 123 126 132 133 134 139 141 151 156 164 170 173 175 184 193 199 211 222 240 246 268 297 328 344 366 384 423 455 483 532 585 665 738 826 939 1054 1183 1385 1663 1984 2401 3082 4002 5394 7763 11953 21372 48109 192962 
179 101 101 112 112 112 114 122 132 139 144 161 175 176 184 193 195 203 224 226 235 245 257 270 290 316 342 377 423 454 482 535 589 631 702 772 919 1058 1212 1425 1680 2059 2466 3098 4011 5405 7759 12237 21551 48670 193893 
