surface/epsilon 0.5 0.49 0.48 0.47 0.46 0.45 0.44 0.43 0.42 0.41 0.4 0.39 0.38 0.37 0.36 0.35 0.34 0.33 0.32 0.31 0.3 0.29 0.28 0.27 0.26 0.25 0.24 0.23 0.22 0.21 0.2 0.19 0.18 0.17 0.16 0.15 0.14 0.13 0.12 0.11 0.1 0.09 0.08 0.07 0.06 0.05 0.04 0.03 0.02 0.01 
0 101 106 115 118 120 123 132 150 156 161 161 165 191 196 202 209 212 246 255 264 281 302 308 321 353 383 400 425 464 521 588 641 703 792 877 996 1152 1297 1518 1806 2179 2699 3411 4337 5853 8551 13178 23305 52191 208534 
1 103 110 115 123 125 127 133 139 150 163 171 175 182 191 202 209 217 226 246 264 274 282 311 335 355 382 402 422 452 491 537 591 681 754 845 967 1105 1265 1488 1761 2148 2624 3292 4297 5858 8406 13016 23262 51877 207938 
2 120 125 125 130 130 136 139 153 158 164 173 184 186 194 202 206 211 219 225 232 254 276 302 320 347 384 414 448 486 507 551 595 652 755 891 1000 1133 1332 1506 1788 2167 2685 3364 4297 5835 8329 13166 23240 52224 208183 
3 107 109 114 118 122 131 138 141 144 152 165 167 170 173 187 198 208 214 230 242 280 299 313 333 364 387 419 438 466 519 579 635 713 782 866 990 1109 1306 1521 1776 2147 2651 3251 4256 5913 8501 13107 23275 52399 208122 
4 114 119 119 119 121 126 131 142 154 163 167 171 183 188 198 202 211 223 235 248 263 281 296 326 351 384 421 452 488 512 556 595 672 757 868 953 1086 1269 1535 1785 2117 2630 3292 4348 5806 8425 13188 23225 52286 208367 
5 114 119 128 132 137 146 148 161 163 176 179 193 202 202 202 207 211 221 231 257 274 310 325 342 369 393 428 456 491 538 574 610 694 790 891 993 1157 1326 1561 1823 2195 2649 3404 4432 5896 8419 13306 23365 52150 208516 
6 115 119 127 127 134 137 137 151 162 167 172 172 179 190 202 205 218 232 241 257 280 290 303 331 372 388 410 453 495 549 583 641 715 780 878 1018 1156 1313 1515 1783 2162 2659 3345 4267 5840 8430 12909 23291 52288 208505 
7 132 132 133 136 145 147 147 147 149 166 174 177 187 196 202 218 227 235 254 270 285 306 331 342 368 374 409 445 481 530 578 614 690 791 900 1017 1118 1288 1519 1758 2129 2669 3395 4404 5831 8407 13131 23206 51938 208033 
8 113 120 124 132 141 145 144 146 150 161 170 170 184 187 206 216 227 255 268 269 299 318 334 343 352 374 400 431 455 507 574 645 694 782 905 1006 1141 1268 1517 1767 2084 2669 3330 4311 5843 8547 13058 23259 52463 208260 
9 119 119 128 136 138 142 146 158 169 175 178 182 191 199 205 208 217 225 239 253 280 303 311 337 359 381 421 461 498 534 564 636 712 778 867 989 1114 1290 1510 1778 2184 2628 3309 4315 5809 8353 13020 23046 52156 208090 
10 123 136 137 137 142 145 151 151 154 161 163 176 180 180 188 198 221 247 265 265 290 303 315 333 365 400 436 448 498 525 566 628 676 794 900 1000 1128 1277 1512 1820 2194 2701 3383 4313 5955 8373 13156 23272 52353 208374 
11 111 115 114 126 129 131 136 147 150 155 165 175 175 185 192 213 223 231 244 255 274 285 305 322 329 346 409 434 482 540 572 622 690 765 847 960 1104 1291 1523 1776 2159 2603 3327 4369 5835 8362 13155 23227 52198 208765 
12 117 119 119 124 131 133 141 151 170 168 170 175 187 198 203 213 227 232 248 268 284 305 312 317 342 357 390 442 468 524 570 631 701 778 863 1005 1113 1273 1487 1753 2165 2643 3349 4322 5849 8382 13230 23390 52087 208008 
13 125 125 133 146 146 150 152 154 174 174 177 179 183 185 194 214 223 231 241 264 272 286 304 353 382 402 433 463 499 537 578 639 706 754 865 1009 1141 1311 1504 1779 2140 2595 3347 4375 5843 8405 13191 23238 52317 207694 
14 120 125 131 133 142 142 146 147 154 168 175 181 195 201 210 220 226 235 244 244 283 289 298 324 347 363 401 444 478 515 569 629 678 791 865 968 1110 1309 1486 1770 2137 2609 3329 4320 5723 8321 13020 23129 52201 207903 
15 121 123 126 131 136 136 137 138 149 153 161 170 182 189 211 214 232 252 260 267 276 300 324 342 360 388 418 455 498 542 570 634 738 782 881 1029 1145 1326 1513 1798 2166 2666 3371 4380 6012 8400 13095 23085 52325 207879 
16 119 125 130 133 138 147 152 155 158 161 167 185 187 192 199 205 214 214 241 254 275 312 327 352 374 396 423 452 481 521 588 617 700 777 885 1032 1141 1333 1536 1789 2146 2651 3324 4269 5965 8497 13214 23323 52374 208517 
17 118 118 120 127 131 144 145 146 157 168 175 179 187 201 217 229 232 237 241 242 266 299 328 350 368 399 424 483 513 567 600 656 727 789 876 999 1164 1300 1507 1779 2144 2591 3303 4344 5918 8450 13056 23400 52233 208730 
18 124 124 126 126 136 142 142 150 152 159 165 174 179 188 199 210 227 240 250 269 282 294 308 325 343 374 400 433 465 517 581 647 722 783 880 991 1133 1316 1525 1834 2216 2700 3306 4324 5942 8477 13170 23271 52292 208477 
19 110 117 117 120 122 129 134 138 145 162 174 174 189 184 192 208 223 236 258 262 275 299 316 325 344 367 403 423 470 521 565 654 724 817 881 965 1111 1293 1523 1844 2168 2624 3305 4312 5838 8434 13014 23205 52234 208088 
20 120 122 124 124 128 133 140 145 145 146 153 163 173 188 195 211 217 229 240 260 283 309 317 338 353 383 396 443 474 516 550 614 691 770 913 994 1123 1298 1529 1768 2199 2687 3338 4468 5887 8426 13251 23477 52223 208773 
21 114 119 117 123 129 142 148 149 154 168 173 175 178 185 190 197 202 219 225 246 258 276 297 328 339 362 391 429 506 542 594 626 687 754 848 957 1110 1294 1507 1793 2156 2692 3336 4294 5837 8389 13104 23230 52368 208851 
22 110 115 115 120 122 127 131 135 141 147 151 160 168 177 195 202 226 253 259 265 284 298 301 329 356 371 399 430 451 502 569 639 676 770 850 971 1087 1253 1448 1768 2113 2564 3293 4346 5784 8244 13076 22893 51769 207925 
23 112 112 115 117 122 129 141 149 154 167 172 180 196 207 209 212 221 234 235 265 267 279 297 327 364 407 434 465 486 527 582 634 685 776 856 983 1150 1333 1526 1777 2166 2605 3368 4399 5905 8420 13194 23276 52043 208016 
24 117 122 122 128 130 139 141 147 153 163 166 168 178 187 194 199 217 230 245 260 269 290 314 324 350 372 394 437 477 523 556 634 699 776 886 988 1128 1297 1531 1800 2205 2634 3323 4319 5924 8482 13161 23216 52188 207982 
25 112 115 122 124 130 143 147 152 159 158 163 166 169 184 192 202 215 236 246 260 273 294 307 337 354 375 413 445 479 515 567 622 706 811 913 1016 1119 1293 1497 1811 2182 2657 3311 4222 5905 8513 13264 23260 52201 208628 
26 108 108 108 122 127 129 133 143 145 144 153 165 171 184 195 203 213 220 248 253 260 280 287 307 336 367 386 439 487 555 605 674 743 811 856 978 1113 1327 1566 1852 2169 2599 3288 4377 5992 8354 13281 23338 52425 208261 
27 102 106 121 130 131 141 146 147 149 157 175 178 183 199 203 216 221 232 230 249 269 281 298 313 328 371 418 435 462 521 594 649 697 803 866 994 1132 1286 1528 1816 2183 2657 3289 4287 5853 8378 12959 23398 52282 208162 
28 109 114 116 118 123 128 128 134 140 153 154 161 161 174 188 195 208 211 227 257 294 305 331 343 360 371 391 411 458 495 547 624 692 765 857 972 1109 1278 1464 1772 2116 2645 3297 4223 5853 8457 13024 23202 51860 208126 
29 119 126 129 139 147 154 163 171 183 190 189 191 191 193 214 225 225 235 252 260 269 286 319 348 366 393 428 478 495 521 576 638 696 791 884 1032 1163 1354 1562 1854 2201 2668 3379 4464 5868 8364 13139 23255 52126 207751 
30 118 124 124 127 131 133 137 143 146 162 173 176 181 199 202 205 219 236 255 262 270 278 296 318 341 357 405 451 493 531 615 663 712 762 841 940 1098 1321 1560 1839 2196 2627 3337 4412 5975 8361 13082 23108 52444 208720 
31 113 119 120 125 127 142 148 156 156 162 166 168 181 187 196 203 214 225 234 248 260 277 294 314 345 368 401 434 469 508 557 614 681 760 845 995 1127 1284 1527 1805 2145 2599 3353 4427 5941 8378 13035 23311 52180 207800 
32 120 124 127 127 137 148 155 157 157 160 165 168 173 189 193 198 216 232 243 271 276 283 301 328 366 406 429 468 480 513 570 630 708 805 880 991 1156 1316 1472 1772 2218 2717 3338 4312 5911 8446 13153 23279 52231 208742 
33 117 115 116 118 122 144 150 161 168 173 174 188 194 198 211 218 224 233 246 258 260 272 300 334 359 402 429 465 504 559 608 652 687 758 852 970 1104 1332 1543 1829 2135 2598 3260 4345 5868 8209 13206 23050 51971 207756 
34 101 107 110 111 124 127 134 149 158 156 169 169 174 183 188 206 208 222 233 255 267 285 313 334 367 395 421 449 469 500 566 606 684 779 871 987 1145 1325 1541 1802 2168 2689 3385 4329 5849 8494 13130 23330 52018 208568 
35 116 120 129 134 142 142 151 157 162 169 176 180 185 190 199 202 204 227 236 262 286 302 320 338 359 392 416 454 495 537 591 654 728 789 877 1024 1169 1336 1548 1804 2174 2667 3348 4289 5857 8466 13149 23261 52050 207925 
36 115 125 128 129 131 134 140 148 152 151 159 192 202 209 225 232 253 259 264 277 292 297 313 322 343 368 404 435 475 531 600 641 723 792 885 986 1087 1277 1519 1832 2205 2678 3281 4316 6028 8362 13171 23483 52373 208160 
37 107 107 110 117 131 134 140 148 150 161 163 174 180 187 193 206 213 217 230 241 266 285 293 320 337 376 416 443 471 522 560 613 677 752 828 957 1149 1313 1542 1816 2118 2613 3302 4377 5823 8221 13235 23021 52045 207529 
38 122 130 132 132 144 150 150 158 162 162 168 175 184 187 199 202 221 231 235 251 268 279 305 331 356 388 418 463 494 536 578 645 701 773 872 995 1104 1301 1532 1837 2170 2567 3300 4352 5940 8395 13108 23150 52111 207845 
39 110 109 117 122 125 127 129 148 158 160 179 189 193 198 206 217 230 239 250 270 286 296 314 340 349 377 411 442 486 546 584 648 718 813 860 980 1132 1292 1509 1801 2200 2657 3249 4301 5869 8427 13105 23308 52053 207976 
40 118 124 126 128 130 134 137 139 139 146 154 156 164 170 173 192 220 231 237 272 276 287 306 318 334 350 373 408 464 509 566 614 678 810 884 970 1127 1317 1523 1810 2117 2671 3354 4460 5941 8501 13232 23453 52385 208524 
41 114 121 125 128 137 141 146 149 153 152 156 160 173 178 192 211 222 264 275 280 288 301 309 316 345 364 386 429 469 515 579 658 728 788 887 989 1094 1266 1467 1792 2210 2703 3283 4260 5909 8375 12959 23311 52157 208514 
42 110 121 134 135 141 150 160 160 163 167 170 178 182 187 188 199 221 233 251 253 265 303 318 338 388 402 432 455 494 530 564 634 679 783 876 1023 1150 1295 1497 1755 2118 2623 3433 4339 5831 8374 13113 23129 52231 208174 
43 117 123 124 128 134 144 149 152 160 166 182 185 188 191 203 209 217 230 244 281 289 307 324 344 365 383 416 447 487 534 596 646 746 802 892 990 1169 1308 1517 1749 2220 2673 3362 4353 5914 8393 13122 23152 52174 208268 
44 130 133 139 141 146 147 153 151 154 159 175 181 183 197 214 216 224 240 245 254 272 289 311 345 363 397 442 478 511 569 602 634 715 778 887 992 1104 1381 1579 1795 2154 2695 3354 4276 5949 8539 13184 23330 52315 208399 
45 113 121 128 134 139 141 144 150 150 155 172 182 181 181 191 204 214 230 242 263 276 296 304 337 359 384 413 439 466 532 609 668 727 785 895 986 1100 1313 1524 1808 2151 2679 3319 4304 5823 8428 13045 23270 51882 208414 
46 107 117 117 121 123 125 134 137 146 146 154 167 173 182 186 196 202 220 229 244 256 285 319 349 375 394 419 438 474 515 547 602 662 732 861 1011 1148 1315 1496 1763 2108 2603 3327 4396 5856 8468 13164 23234 52091 208120 
47 115 119 127 137 140 144 142 153 154 163 166 169 177 183 189 204 216 229 230 241 256 268 303 323 372 409 437 453 495 524 561 625 681 773 858 982 1167 1329 1572 1837 2147 2643 3367 4394 5946 8474 13147 23253 52233 208050 
48 109 116 116 119 125 129 130 141 146 154 168 171 173 176 193 206 216 233 236 243 264 291 315 334 353 371 390 428 472 518 580 627 701 765 873 956 1107 1281 1461 1767 2146 2648 3295 4308 5764 8522 13017 23154 52236 208297 
49 102 111 112 118 124 125 132 136 136 147 158 160 170 182 188 204 217 230 238 251 265 288 299 306 339 366 392 422 471 506 570 625 695 779 878 991 1105 1268 1547 1780 2149 2683 3366 4383 5926 8404 13197 23293 52091 208597 
50 114 117 124 129 129 141 145 152 158 168 172 174 184 201 203 210 226 241 250 267 281 297 318 342 369 386 422 450 486 549 599 646 704 778 865 990 1134 1310 1552 1800 2170 2621 3303 4293 5845 8426 13084 23367 52103 208151 
51 121 126 130 133 137 142 153 154 165 165 171 178 182 192 196 221 221 245 259 267 276 299 317 333 365 391 417 441 503 546 590 637 679 776 864 983 1128 1286 1504 1757 2130 2675 3343 4273 5830 8437 12946 23118 51952 208217 
52 110 110 113 113 121 134 140 142 154 157 164 173 178 194 203 209 234 239 249 275 282 286 309 322 344 374 411 449 492 536 576 638 721 789 874 988 1110 1285 1502 1793 2180 2710 3383 4331 5908 8515 12991 23399 52087 208551 
53 130 130 132 134 136 144 148 157 157 156 165 172 192 196 208 214 215 224 245 275 290 297 306 337 364 394 402 435 471 504 571 623 703 783 898 984 1151 1279 1503 1756 2086 2632 3358 4296 5860 8484 13123 23310 51905 208570 
54 119 121 130 134 141 146 149 151 155 160 160 164 166 187 195 208 225 233 247 253 266 301 316 336 356 374 417 454 485 512 558 615 694 770 888 1007 1130 1275 1509 1756 2140 2693 3369 4265 5767 8455 13174 23399 52128 208361 
55 122 126 134 134 145 147 157 162 167 172 179 188 191 204 209 221 235 237 265 270 287 307 329 354 373 394 428 463 507 535 611 667 753 803 886 998 1148 1316 1560 1833 2193 2661 3309 4357 5911 8489 13272 23348 52341 208286 
56 123 122 122 134 143 157 161 168 172 171 172 179 184 192 207 230 240 257 266 277 290 309 332 368 382 408 427 449 494 543 593 644 754 832 913 1023 1151 1344 1557 1840 2207 2732 3407 4354 5876 8401 13128 23324 52096 208619 
57 107 108 114 118 120 119 121 133 139 143 148 153 172 188 204 209 225 243 250 262 279 283 303 313 341 365 405 438 457 515 545 607 690 753 862 984 1150 1300 1525 1759 2101 2627 3357 4336 5821 8358 13094 23139 52179 208405 
58 113 121 129 135 138 141 143 161 164 168 174 177 184 189 189 198 203 213 225 255 274 292 306 344 361 386 421 464 490 522 556 579 660 764 861 1034 1156 1304 1542 1799 2120 2679 3378 4373 5821 8393 13264 23285 52085 207480 
59 116 119 120 122 130 134 140 144 148 154 171 173 175 184 191 202 208 229 246 257 278 286 308 322 350 382 387 447 510 535 571 614 683 752 830 945 1084 1301 1491 1784 2116 2617 3316 4290 5753 8414 13252 23232 51855 208415 
60 119 125 125 124 124 125 141 146 154 168 168 178 185 199 206 215 215 238 252 265 270 281 296 316 341 365 391 441 486 531 606 654 722 799 863 973 1082 1298 1514 1850 2230 2684 3357 4418 5895 8523 13216 23172 52286 207887 
61 110 114 121 124 126 131 135 145 149 156 162 175 188 194 212 220 232 244 257 266 275 297 312 330 342 369 420 466 498 540 596 638 708 790 869 981 1120 1308 1542 1830 2180 2634 3322 4375 5931 8465 13095 23213 52389 208665 
62 117 127 125 130 132 140 149 158 162 166 179 199 199 206 213 228 234 244 249 264 274 288 312 330 350 375 418 470 507 544 603 669 724 797 882 990 1116 1269 1507 1799 2237 2643 3309 4233 5925 8442 13107 23425 52334 208202 
63 110 118 124 124 136 149 149 149 157 170 169 176 179 179 192 214 220 233 240 247 263 294 313 360 382 388 416 444 460 512 551 614 675 759 878 999 1122 1277 1500 1769 2152 2675 3315 4357 5842 8401 13043 23266 51938 208160 
64 112 114 114 122 122 131 137 142 148 151 166 174 178 186 198 206 216 219 233 252 258 281 291 319 342 376 402 434 471 524 576 629 694 768 853 943 1109 1310 1506 1780 2126 2626 3301 4295 5766 8373 13057 23007 51772 207493 
65 122 124 131 130 132 133 138 140 156 159 165 179 190 196 215 224 242 260 271 290 297 309 332 357 370 393 412 453 502 551 599 669 724 815 915 1012 1136 1316 1529 1812 2135 2628 3395 4425 5917 8304 13350 23100 52369 208256 
66 114 119 122 126 126 128 142 144 155 161 166 171 175 182 195 201 208 224 240 257 278 281 299 316 330 366 390 416 446 493 550 607 693 775 850 925 1077 1224 1450 1762 2169 2666 3324 4257 5800 8419 13056 23208 52078 208737 
67 115 109 121 128 126 141 136 140 144 152 157 167 174 182 193 198 203 207 217 230 255 282 308 325 360 395 410 435 471 507 531 602 665 766 848 1025 1145 1339 1497 1762 2140 2698 3333 4263 5754 8415 13098 23261 51945 207890 
68 108 117 124 126 130 130 131 137 137 158 167 171 169 180 181 202 216 233 238 263 274 294 319 333 352 387 411 444 475 526 583 650 715 800 876 990 1131 1294 1510 1812 2162 2683 3322 4311 5872 8439 13084 23176 51917 208339 
69 108 115 125 131 133 138 141 147 166 172 175 184 196 204 217 216 221 233 243 248 256 278 292 326 343 386 423 450 485 517 563 610 669 752 858 977 1097 1302 1514 1829 2154 2605 3337 4373 5916 8390 13277 23226 52262 207613 
70 114 114 114 114 120 121 128 133 140 152 157 170 184 207 212 234 238 245 256 270 284 296 310 356 363 381 407 445 504 557 591 667 729 777 892 1009 1147 1318 1534 1832 2183 2610 3351 4354 5873 8422 13195 23140 52290 208032 
71 115 115 115 116 116 121 132 135 152 158 159 167 172 175 190 194 203 211 240 252 270 283 300 336 349 375 410 433 484 528 570 631 719 790 883 1017 1141 1352 1583 1830 2185 2657 3388 4419 5954 8551 13234 23222 52267 208396 
72 112 112 112 112 122 131 138 151 154 162 171 177 182 185 189 200 217 222 238 249 275 305 311 342 365 392 415 457 506 530 572 613 680 770 858 988 1140 1323 1532 1800 2148 2662 3389 4354 5870 8463 13220 23201 52014 208089 
73 106 108 112 120 123 132 133 129 134 143 147 153 169 173 181 197 219 225 253 258 259 270 289 312 340 359 383 422 483 522 595 648 708 770 861 975 1098 1273 1513 1795 2141 2632 3275 4348 5795 8400 13135 23242 51910 207486 
74 112 112 112 111 113 114 121 133 138 142 147 156 166 178 193 213 225 235 246 263 279 288 307 320 341 352 388 437 483 516 590 662 744 808 880 996 1105 1288 1510 1805 2194 2664 3364 4296 5842 8512 13105 23265 52071 208703 
75 104 103 110 121 121 124 126 136 149 155 154 164 173 177 181 191 204 217 226 250 268 281 308 320 349 367 391 422 470 501 555 610 684 767 848 1018 1125 1266 1488 1763 2157 2706 3404 4337 5876 8423 13147 23162 52221 208134 
76 122 125 125 129 129 133 138 144 166 176 180 181 186 199 212 218 220 237 253 271 282 294 319 329 364 385 414 432 488 536 567 635 700 783 868 986 1102 1331 1558 1826 2121 2606 3285 4380 5987 8366 13044 23259 52550 208718 
77 123 123 123 130 136 139 140 148 153 159 162 165 175 188 190 206 209 221 252 263 284 292 315 338 351 373 395 430 472 513 562 621 703 774 870 963 1106 1293 1477 1770 2178 2661 3345 4354 5925 8398 13178 23063 52152 208238 
78 104 108 108 111 112 114 119 124 131 141 146 157 159 171 188 197 209 219 232 256 275 293 315 335 368 393 400 436 460 495 540 634 711 790 892 1016 1128 1259 1491 1802 2173 2730 3378 4342 5928 8500 13073 23248 52210 208226 
79 114 116 120 123 129 130 130 137 138 150 153 164 167 186 191 204 218 230 244 260 278 287 313 326 350 379 397 421 463 497 571 637 697 789 879 985 1136 1315 1524 1792 2156 2653 3312 4295 5812 8472 13258 23143 52109 208275 
80 115 117 120 126 128 126 130 136 136 156 163 177 178 189 192 204 215 228 242 261 288 296 314 324 358 385 424 446 489 535 573 632 704 765 868 992 1117 1325 1550 1790 2185 2638 3342 4322 5962 8456 13242 23306 52182 208274 
81 95 98 110 124 131 144 150 147 154 161 166 175 178 187 196 206 214 220 244 270 279 287 308 326 351 380 400 429 454 502 561 642 714 796 870 962 1148 1282 1473 1777 2166 2615 3301 4329 5838 8404 13067 23057 51972 208167 
82 120 120 123 125 125 127 127 138 145 150 159 169 183 201 206 212 228 239 253 267 281 289 305 324 360 380 404 445 499 525 571 654 722 797 870 984 1100 1303 1514 1829 2230 2706 3322 4320 5986 8549 13068 23371 52366 208459 
83 107 114 118 124 124 135 135 140 146 158 169 171 182 185 195 207 224 228 253 281 292 305 329 341 354 367 402 452 486 512 570 658 733 799 868 1005 1111 1285 1517 1798 2203 2717 3380 4295 5827 8447 13017 23412 52214 208835 
84 117 119 122 124 124 135 141 153 159 159 162 165 175 186 190 202 211 228 244 258 269 290 315 343 366 381 412 429 468 524 581 654 707 782 893 1016 1101 1275 1491 1772 2166 2653 3268 4307 5958 8397 13160 23211 52266 207706 
85 113 122 124 130 140 140 151 152 157 157 163 165 177 185 195 207 219 240 241 249 256 289 309 328 343 388 410 427 462 505 553 616 683 751 862 961 1079 1234 1440 1759 2137 2623 3303 4249 5886 8404 13100 23380 51988 208606 
86 110 110 120 122 127 133 147 143 156 159 163 170 174 185 188 201 208 215 221 242 258 283 305 323 343 363 393 432 485 522 574 632 723 815 916 1015 1130 1309 1561 1843 2193 2665 3376 4363 5924 8471 13261 23297 52389 208782 
87 117 119 128 135 136 138 156 158 160 162 163 172 180 193 205 214 220 228 241 244 262 279 316 326 359 401 416 438 478 514 562 619 689 791 902 992 1124 1340 1528 1804 2183 2628 3312 4368 5839 8458 13227 23349 52323 208230 
88 110 114 114 118 129 129 135 147 150 150 160 160 160 166 169 184 204 223 244 260 273 297 327 344 369 395 425 448 476 509 542 609 695 763 877 998 1115 1267 1468 1749 2163 2712 3341 4320 5903 8471 13040 23323 52030 209043 
89 119 123 123 129 133 136 140 143 164 170 173 178 190 193 197 209 225 228 237 258 278 295 321 348 366 379 399 429 478 517 564 614 691 743 870 1007 1146 1301 1507 1770 2139 2645 3333 4278 5819 8442 13171 23276 52165 208052 
90 107 112 115 120 123 126 134 147 149 156 169 188 178 193 193 204 209 231 252 265 273 287 289 314 348 366 394 425 463 520 590 632 697 771 835 955 1093 1316 1563 1789 2193 2635 3350 4368 5911 8415 13104 23064 52299 208354 
91 114 117 120 129 131 133 142 150 163 162 174 177 185 193 198 204 213 227 244 249 269 273 288 311 354 413 438 455 484 518 547 594 650 735 843 942 1136 1307 1528 1835 2179 2628 3371 4370 5992 8380 13142 23324 52299 208123 
92 123 127 130 132 133 140 146 147 148 151 153 165 169 172 186 206 209 226 248 263 275 292 307 328 349 370 399 431 474 517 562 635 692 786 897 1013 1157 1300 1518 1795 2145 2639 3327 4350 5904 8425 13011 23035 51994 207983 
93 111 111 114 118 120 122 124 133 135 135 141 149 154 166 179 190 216 228 247 266 271 286 297 319 342 358 373 405 441 482 549 603 708 790 883 959 1086 1246 1452 1755 2115 2599 3340 4292 5801 8331 13028 23114 52165 207741 
94 103 110 114 114 131 130 134 146 148 163 169 172 185 195 203 218 239 247 247 256 268 283 304 334 345 380 407 444 485 526 579 646 707 760 865 966 1126 1263 1507 1776 2153 2635 3342 4325 5899 8397 13192 23147 52309 208022 
95 100 102 107 110 115 123 123 133 137 148 157 168 171 182 187 201 215 236 238 251 266 282 283 301 331 362 388 430 454 501 565 626 688 767 837 943 1069 1257 1487 1758 2107 2577 3241 4259 5928 8421 13122 23376 52409 208030 
96 115 122 124 132 133 141 143 155 162 162 171 182 183 202 210 216 230 242 249 269 287 296 321 334 366 387 424 448 480 530 579 634 699 782 874 998 1133 1263 1474 1801 2157 2678 3324 4235 5907 8481 13111 23285 52062 208078 
97 121 124 130 138 146 149 152 169 171 173 178 184 191 198 204 213 225 236 259 269 287 297 310 353 386 404 421 464 499 541 582 633 695 812 911 1037 1158 1309 1474 1775 2188 2680 3378 4322 5865 8556 12999 23385 52067 209143 
98 113 119 128 134 134 142 151 165 168 171 182 188 195 195 205 215 225 235 233 246 259 279 297 310 336 377 417 448 486 515 557 614 687 758 840 979 1139 1286 1450 1752 2127 2629 3443 4373 5754 8596 13099 23018 51852 207760 
99 115 115 121 129 132 138 149 152 161 169 170 180 185 192 193 217 234 239 252 271 281 282 298 327 358 375 414 435 483 549 588 641 702 772 863 1005 1167 1331 1519 1808 2147 2645 3408 4386 5816 8371 13106 23106 51918 208186 
100 117 125 125 125 130 130 137 146 152 154 154 157 170 176 181 190 198 206 217 236 247 267 292 329 341 372 399 427 441 480 521 576 663 740 819 959 1126 1286 1426 1716 2081 2604 3308 4259 5680 8368 13022 23052 52088 207478 
101 112 122 122 122 126 129 135 140 144 149 154 160 164 173 186 195 215 235 257 279 283 303 330 349 358 370 395 420 462 505 563 628 693 787 879 993 1110 1261 1492 1845 2217 2659 3332 4241 5836 8502 13116 23332 52442 207701 
102 116 125 134 134 134 139 146 151 154 160 159 166 169 182 207 218 220 223 250 272 282 295 310 337 360 380 421 456 493 535 563 643 706 764 862 991 1138 1326 1527 1843 2147 2626 3324 4305 6005 8447 13077 23323 52373 208776 
103 107 114 122 126 127 130 146 155 158 161 166 175 182 201 208 212 229 240 264 272 285 301 321 336 354 376 407 439 489 514 565 644 711 774 869 972 1088 1271 1521 1788 2221 2672 3309 4288 5851 8264 13052 23208 51831 208469 
104 118 123 130 129 134 138 144 148 166 177 187 195 207 216 224 238 240 245 268 277 287 302 317 332 362 398 415 456 503 548 605 664 709 809 905 1026 1150 1296 1525 1843 2190 2646 3346 4292 5914 8545 13053 23313 52110 208388 
105 116 121 124 124 128 132 142 148 153 160 171 182 183 185 198 205 210 223 238 246 259 265 283 316 347 385 412 452 500 532 571 606 676 759 864 969 1118 1336 1533 1809 2137 2677 3367 4416 5886 8406 13206 23214 52090 208039 
106 112 114 116 117 125 127 130 154 160 170 181 187 191 196 214 219 226 240 241 259 274 287 299 328 358 379 402 437 492 539 577 644 719 806 867 981 1168 1340 1524 1841 2187 2740 3379 4362 5881 8427 13130 23083 51986 207543 
107 109 109 111 111 116 123 126 131 137 154 168 169 186 191 199 207 217 215 227 236 258 279 293 314 330 352 388 426 461 488 533 592 670 754 838 952 1074 1280 1483 1797 2110 2649 3270 4268 5864 8359 12982 23235 52088 208011 
108 127 131 135 137 142 142 143 143 144 147 153 171 183 184 191 216 231 242 277 290 298 317 333 342 349 365 384 420 466 515 570 659 734 823 893 973 1138 1264 1463 1759 2155 2634 3342 4277 5850 8443 13036 23195 52341 208663 
109 107 113 116 118 122 131 135 144 151 161 166 166 176 193 197 208 223 235 247 261 283 294 312 338 359 371 420 438 468 519 554 622 688 747 840 976 1081 1296 1531 1783 2144 2682 3329 4299 5890 8492 13268 23455 52096 208534 
110 103 114 124 122 124 126 142 142 148 161 165 178 177 183 193 208 219 232 242 251 273 292 300 318 346 386 405 458 484 539 569 618 685 763 878 1028 1139 1306 1523 1777 2203 2690 3391 4337 5830 8503 13197 23464 52377 208534 
111 104 106 111 111 113 120 138 143 143 151 156 168 170 188 201 216 217 231 242 251 263 286 306 324 354 395 410 439 483 513 560 620 740 789 859 959 1102 1284 1496 1789 2147 2600 3269 4296 5931 8301 13026 23275 52225 207619 
112 106 117 119 124 128 134 143 156 165 171 170 182 187 186 197 202 216 215 222 233 245 256 275 297 326 365 397 436 491 541 593 635 698 748 854 921 1109 1315 1529 1815 2129 2609 3271 4337 5933 8327 13179 23224 52011 208223 
113 113 117 119 121 125 139 143 152 160 167 174 174 184 196 196 207 208 215 238 256 272 285 306 343 378 401 418 452 492 561 601 657 736 781 877 1002 1146 1305 1550 1773 2127 2698 3346 4311 5868 8388 13042 23211 52118 208765 
114 111 111 124 128 146 153 158 163 172 177 181 193 202 206 210 219 228 242 255 260 281 288 322 344 367 390 419 455 492 533 587 651 715 791 879 1003 1173 1329 1513 1754 2121 2557 3314 4404 5915 8466 13070 23203 52314 208482 
115 124 127 127 130 130 132 138 145 148 150 164 181 188 191 206 215 233 242 251 264 277 287 308 337 347 387 420 447 494 530 603 646 723 796 903 1019 1157 1323 1535 1816 2155 2672 3391 4311 5929 8484 13243 23274 52075 208205 
116 102 104 106 117 124 127 148 150 153 164 175 183 195 210 218 227 230 238 243 258 271 293 299 317 339 358 386 429 491 544 596 649 691 756 861 974 1143 1297 1508 1798 2171 2642 3308 4342 5883 8381 13014 23426 52429 208737 
117 122 127 126 128 143 154 156 161 164 167 173 173 179 183 200 207 213 222 234 251 258 287 316 333 380 392 429 459 490 529 562 630 685 752 864 983 1167 1318 1525 1770 2155 2672 3361 4350 5889 8429 13152 23119 52293 207997 
118 115 113 115 123 126 131 133 138 141 142 150 159 161 175 183 194 205 221 235 253 275 281 297 319 338 371 398 416 460 504 562 635 700 813 915 987 1121 1259 1492 1795 2198 2666 3363 4317 5881 8356 13160 23189 52009 207983 
119 125 125 125 132 136 138 143 148 153 162 170 175 183 187 203 215 232 244 257 272 278 295 306 335 360 388 413 451 474 500 542 632 720 778 888 975 1129 1302 1487 1755 2125 2635 3304 4306 5883 8475 13096 23151 52329 208242 
120 116 118 117 125 132 136 139 146 148 159 163 170 183 183 192 194 206 229 239 246 274 289 312 346 365 380 393 426 468 509 574 659 707 775 864 978 1112 1282 1526 1831 2136 2649 3344 4359 5931 8447 13063 23288 52126 208567 
121 103 109 111 112 116 118 125 131 145 151 156 161 170 177 185 192 217 232 252 255 273 290 315 318 333 358 385 415 454 495 545 617 707 767 882 974 1116 1267 1498 1801 2180 2606 3231 4303 5897 8440 13046 23297 52229 208048 
122 114 117 121 121 132 135 135 143 145 149 157 165 178 187 196 209 224 239 248 257 271 296 306 334 367 383 407 435 469 506 559 616 663 746 837 988 1086 1261 1476 1737 2099 2594 3293 4208 5803 8430 12908 23260 52416 208183 
123 101 103 106 105 110 116 123 127 136 159 170 174 192 193 199 208 222 235 246 265 265 268 287 313 336 372 402 430 487 531 575 646 700 766 845 926 1078 1265 1525 1813 2169 2606 3187 4285 5832 8206 13045 23149 52264 208528 
124 108 115 118 120 124 131 132 137 139 150 162 171 178 187 200 205 209 221 237 253 265 270 293 317 337 369 405 445 496 522 592 627 706 767 840 976 1113 1265 1475 1750 2150 2669 3342 4341 5928 8502 13162 23332 52297 208649 
125 122 129 129 133 131 140 148 145 165 186 190 195 204 204 204 219 227 232 259 269 278 290 309 335 361 394 435 461 499 561 591 649 708 767 852 1017 1150 1292 1545 1850 2195 2643 3345 4305 5915 8561 13167 23256 52364 208136 
126 117 120 115 118 121 123 123 123 129 129 136 146 147 152 157 173 195 210 224 245 250 272 288 312 333 351 378 398 430 482 546 580 679 759 874 972 1094 1255 1437 1767 2150 2634 3282 4263 5835 8464 13109 22983 52307 208625 
127 112 114 116 123 132 137 143 145 157 168 184 198 205 208 216 228 230 245 253 264 268 273 290 314 333 373 410 459 493 536 597 655 721 794 874 994 1110 1307 1534 1811 2194 2643 3352 4341 5913 8508 13278 23260 52384 207701 
128 113 119 119 125 138 138 145 155 162 162 167 178 178 181 193 202 224 234 256 262 275 293 304 336 364 382 406 437 481 518 562 625 682 742 864 957 1130 1298 1511 1796 2166 2610 3299 4301 5821 8506 13131 23446 52266 209031 
129 123 124 124 124 124 124 132 144 145 149 160 168 168 175 181 191 206 230 243 267 284 294 308 336 358 368 402 438 476 514 558 639 686 795 910 1009 1161 1323 1549 1788 2204 2677 3368 4290 5844 8484 13055 23246 52085 208667 
130 113 115 115 120 118 133 135 138 145 147 149 161 164 175 188 205 217 230 252 264 275 288 314 330 357 379 417 444 494 526 586 625 723 800 911 985 1085 1276 1518 1807 2173 2654 3312 4306 5827 8403 13102 23122 52160 208397 
131 118 120 126 129 136 138 138 150 157 161 162 170 174 188 191 198 212 222 247 260 274 307 332 350 375 390 414 439 458 495 551 638 722 804 908 1002 1146 1275 1480 1773 2211 2656 3368 4270 5892 8574 13131 23218 52345 208127 
132 115 117 126 126 134 135 143 147 160 168 171 181 195 199 204 206 209 215 232 249 259 284 301 330 351 382 411 458 490 539 602 636 700 798 886 975 1093 1273 1470 1794 2177 2615 3268 4357 5899 8442 13024 23154 52414 208616 
133 110 117 120 120 123 130 135 142 154 160 166 191 193 201 214 225 235 245 277 268 284 294 308 329 356 385 411 451 481 527 599 650 704 812 871 1008 1146 1338 1544 1803 2192 2685 3371 4447 5883 8447 12983 23106 52074 208498 
134 122 125 126 131 134 138 147 148 148 150 155 157 162 180 197 214 222 234 247 264 279 297 318 334 348 379 405 417 446 479 547 599 687 788 861 993 1124 1249 1485 1799 2200 2650 3259 4241 5879 8400 12901 23389 52180 209077 
135 98 104 114 119 118 121 127 130 137 145 158 171 177 189 189 194 206 208 219 242 259 282 293 316 334 388 423 465 491 536 568 639 688 752 894 990 1110 1250 1479 1748 2138 2660 3356 4265 5849 8488 13078 23218 51691 208017 
136 106 111 122 130 133 136 142 153 165 169 171 175 184 191 200 209 215 221 227 234 246 275 284 317 343 386 433 469 502 546 585 626 671 760 837 956 1114 1312 1535 1820 2192 2597 3319 4438 5916 8444 13220 23286 52018 208168 
137 119 121 130 136 138 141 151 156 160 167 171 180 186 193 199 214 223 232 243 262 273 288 305 326 346 383 419 459 498 536 585 628 676 754 841 919 1129 1301 1508 1746 2102 2655 3359 4329 5803 8356 13076 23312 51983 208167 
138 127 130 130 130 134 134 150 155 163 174 180 185 187 198 212 224 233 249 259 279 285 298 314 331 361 395 423 461 499 542 576 646 720 786 877 1019 1126 1300 1504 1818 2179 2675 3377 4346 5894 8477 13297 23506 52503 208274 
139 110 110 116 120 122 122 129 139 150 154 162 171 181 179 197 199 214 229 243 253 274 293 310 337 346 372 407 438 513 528 597 635 702 795 900 983 1124 1293 1488 1824 2193 2661 3309 4335 5927 8477 13064 23399 52115 208682 
140 115 120 126 128 132 132 138 148 155 158 162 164 170 178 186 194 217 231 246 257 288 300 325 358 367 393 413 437 465 509 542 630 689 821 940 1008 1132 1272 1466 1777 2184 2685 3332 4245 5809 8382 13013 23258 52024 208685 
141 108 108 112 114 120 120 120 143 145 158 160 170 180 181 188 205 212 224 245 254 269 289 309 329 341 364 379 413 433 487 559 643 724 775 860 952 1066 1213 1488 1816 2218 2640 3217 4252 5968 8362 12975 23325 52555 208925 
142 113 116 120 123 124 128 136 136 142 156 161 167 174 188 200 209 224 249 253 262 270 278 296 340 358 378 402 420 467 513 573 656 726 791 891 988 1128 1285 1468 1798 2184 2707 3291 4251 5853 8397 13105 23132 52428 208752 
143 106 110 111 121 123 132 143 145 146 158 156 165 182 189 192 205 213 222 223 244 253 268 297 318 335 366 392 420 460 498 574 634 680 757 839 981 1141 1310 1513 1761 2139 2583 3302 4300 5902 8460 13084 23153 52206 208543 
144 115 118 123 127 129 129 131 134 141 153 161 171 176 183 203 215 229 240 246 265 272 303 314 327 343 365 392 431 461 524 557 621 691 763 901 981 1082 1259 1460 1769 2147 2679 3349 4355 5854 8604 13177 23357 52129 207468 
145 105 113 124 124 131 138 138 146 147 149 163 168 170 181 197 211 226 237 246 254 264 285 295 322 333 371 399 412 435 495 551 620 709 779 861 981 1107 1241 1452 1789 2178 2631 3263 4276 5899 8379 13026 23379 52366 208319 
146 113 112 114 121 131 133 144 149 155 165 171 182 191 194 199 211 235 238 241 255 280 294 291 310 356 370 398 441 475 528 548 617 696 753 857 981 1127 1300 1526 1833 2151 2622 3290 4502 5899 8408 13268 23304 52294 209036 
147 112 116 119 120 122 132 137 140 144 160 161 170 181 194 200 206 217 229 243 252 273 295 307 352 364 394 421 448 480 528 565 626 692 791 883 997 1134 1275 1449 1771 2158 2661 3369 4305 5807 8403 13078 23168 52165 209012 
148 119 119 119 127 128 128 131 133 136 143 150 152 158 169 187 192 207 229 247 282 301 317 332 348 368 388 411 434 463 506 567 641 696 798 895 1006 1095 1267 1473 1783 2196 2643 3315 4260 5971 8548 13100 23354 52466 208944 
149 103 103 105 111 119 122 137 143 151 158 161 163 169 180 190 200 214 230 242 260 269 284 306 320 350 382 404 441 494 529 580 616 688 724 812 964 1110 1283 1465 1774 2135 2613 3352 4360 5828 8393 13109 23061 51926 208241 
150 114 116 129 133 139 143 145 145 151 151 162 169 175 185 200 208 222 239 252 265 276 288 306 333 357 390 422 462 491 531 579 637 705 777 865 1005 1173 1296 1475 1728 2114 2634 3375 4296 5791 8440 13001 23267 51915 208525 
151 117 120 127 134 133 136 144 143 146 157 160 171 181 187 192 203 216 228 242 249 278 310 336 349 368 400 437 448 481 524 588 648 712 809 908 1018 1137 1309 1482 1764 2179 2712 3321 4304 5858 8571 13109 23238 52139 208294 
152 111 111 111 115 118 121 128 130 142 149 156 170 176 194 199 204 227 232 248 250 261 285 306 320 345 372 407 431 467 522 575 655 697 759 834 949 1078 1309 1520 1830 2157 2638 3336 4291 5940 8410 13032 23314 52518 208711 
153 100 109 115 117 117 117 120 126 136 152 151 165 175 182 185 203 206 220 225 240 255 278 303 328 343 380 402 460 486 525 585 632 702 754 859 975 1122 1323 1553 1792 2111 2584 3296 4293 5793 8237 13005 23189 51986 207733 
154 129 128 124 125 128 136 139 154 156 162 164 170 176 180 194 194 210 230 236 262 272 282 310 327 350 384 409 437 466 505 547 621 708 785 886 982 1121 1266 1457 1769 2170 2654 3238 4223 5896 8449 12881 23437 52462 208264 
155 114 122 135 138 138 140 143 145 151 159 164 164 175 191 199 203 221 228 240 249 278 300 313 320 336 365 389 431 475 510 565 633 701 761 862 978 1115 1261 1482 1771 2128 2618 3377 4336 5826 8347 13103 23069 51947 207903 
156 122 125 129 133 136 137 137 140 151 150 164 167 176 191 195 207 216 233 251 268 297 311 327 342 348 364 398 427 457 503 557 613 708 793 879 970 1084 1263 1443 1756 2168 2646 3266 4263 5930 8427 12824 23525 52548 208934 
157 122 120 121 122 134 136 146 152 159 163 175 179 179 180 185 198 217 236 262 273 291 297 317 337 348 378 421 453 498 537 594 637 682 762 867 943 1100 1289 1545 1825 2169 2629 3278 4395 5951 8397 13145 23219 52303 209148 
158 116 116 118 130 132 136 137 148 153 156 165 174 180 189 203 217 230 236 242 256 278 288 301 321 347 365 384 413 472 508 564 634 704 764 852 969 1134 1295 1493 1781 2141 2638 3280 4313 5890 8416 13268 23300 52500 207999 
159 116 117 119 127 135 139 144 149 153 171 176 187 189 192 202 209 230 234 245 246 259 271 321 337 344 376 416 449 499 521 571 630 681 767 831 944 1132 1348 1542 1800 2132 2620 3328 4319 5782 8277 13067 23007 52230 208417 
160 117 117 120 123 131 138 146 150 158 159 167 165 168 183 195 203 210 219 240 259 274 294 303 324 338 364 390 428 462 522 567 610 715 803 887 969 1103 1259 1471 1784 2173 2660 3319 4344 5875 8386 13053 23328 52094 208642 
161 113 118 119 122 125 131 136 144 148 159 164 169 175 182 190 210 217 224 233 248 270 284 298 305 325 335 373 419 461 506 560 629 702 749 842 900 1064 1262 1508 1790 2137 2604 3234 4320 5857 8347 12995 23193 52255 208238 
162 112 115 115 117 123 131 143 154 158 168 172 188 192 196 206 215 233 232 245 255 275 284 298 332 358 375 407 434 481 513 583 625 691 772 893 987 1110 1287 1498 1755 2168 2618 3307 4349 5901 8448 13136 23130 52029 208118 
163 99 105 116 122 123 127 127 129 141 147 151 158 170 181 187 193 200 216 233 240 252 281 310 337 347 377 407 440 478 544 595 638 700 767 848 950 1112 1285 1509 1825 2145 2644 3344 4363 5987 8454 13353 23106 52530 208735 
164 116 121 121 121 136 135 141 145 153 156 162 165 176 188 194 201 211 229 237 264 270 291 320 336 353 374 403 456 500 536 572 647 706 786 869 972 1111 1306 1514 1800 2158 2634 3355 4358 5921 8432 13203 23351 52182 208088 
165 117 117 123 126 132 139 158 167 168 171 180 183 197 205 210 207 209 214 225 240 256 287 331 351 389 398 425 446 495 526 567 612 690 743 881 995 1155 1339 1533 1797 2152 2646 3400 4335 5862 8434 13122 23341 52057 208340 
166 105 109 116 109 113 122 134 135 145 158 159 165 188 191 200 210 222 229 237 250 254 278 286 304 334 354 385 448 472 521 578 628 701 754 860 992 1150 1310 1525 1798 2140 2640 3404 4364 5884 8569 13049 23424 52079 208191 
167 124 123 128 126 131 134 136 142 142 150 159 173 182 190 202 208 222 233 250 274 296 301 324 345 362 382 395 427 468 510 548 629 698 767 895 996 1112 1265 1482 1766 2167 2663 3317 4263 5810 8524 13062 23282 51980 208105 
168 109 119 119 125 128 132 139 141 149 152 163 172 178 183 190 199 224 236 240 257 271 295 316 340 360 379 401 442 485 528 581 640 685 776 881 999 1134 1295 1501 1768 2189 2675 3332 4366 5931 8438 13106 23045 51891 208359 
169 113 113 116 124 124 131 129 140 153 155 160 162 167 172 177 182 205 229 235 249 255 266 285 321 349 385 418 447 482 523 557 603 663 760 911 1015 1170 1316 1528 1770 2104 2634 3358 4383 5778 8424 13109 23389 51938 208093 
170 123 123 127 129 133 131 131 136 141 154 163 163 176 189 204 217 235 246 253 267 270 300 312 330 356 369 375 416 483 567 608 667 730 833 926 1034 1144 1286 1542 1827 2211 2724 3326 4308 5914 8464 12981 23402 52265 208709 
171 126 131 136 134 139 155 156 159 163 168 174 183 184 185 198 209 209 218 231 247 270 312 328 340 363 400 430 463 482 525 569 608 668 750 860 982 1132 1301 1516 1787 2130 2654 3303 4269 5842 8494 13159 23424 52172 208317 
172 110 112 115 117 129 132 154 155 158 164 168 173 188 193 200 212 218 222 237 250 271 294 317 354 382 415 447 473 503 533 582 627 681 772 888 1040 1173 1343 1544 1765 2123 2673 3390 4409 5827 8448 13064 23207 52282 208491 
173 102 109 110 121 124 125 131 137 139 141 157 161 167 177 188 193 211 210 219 235 255 273 306 326 353 378 409 445 483 522 564 611 680 765 862 975 1110 1294 1496 1787 2110 2620 3369 4363 5830 8417 13137 23258 52331 207897 
174 105 117 121 118 124 127 132 144 152 158 161 171 178 187 194 201 211 216 219 230 243 257 295 314 346 373 392 423 452 513 571 619 671 744 833 977 1101 1272 1509 1788 2167 2623 3270 4241 5906 8297 13023 23285 52156 208236 
175 122 128 133 133 136 138 141 142 155 158 164 176 189 201 205 214 229 235 254 266 280 304 318 334 352 373 392 433 493 552 606 677 739 812 875 964 1126 1295 1520 1791 2191 2631 3298 4303 5866 8375 13012 23310 52157 208446 
176 127 131 131 135 135 138 140 143 145 159 166 177 182 203 211 215 225 243 253 259 280 300 321 366 383 388 420 444 489 514 578 657 729 792 891 1007 1145 1336 1521 1814 2136 2663 3399 4364 5822 8502 13071 23462 52100 208030 
177 107 111 127 129 131 136 137 151 155 160 169 173 175 181 187 191 211 227 244 245 263 288 318 339 367 397 419 457 496 524 569 607 696 782 862 989 1113 1289 1512 1771 2159 2666 3274 4281 5784 8331 12968 23063 52030 207924 
178 115 117 122 127 129 133 136 138 143 145 149 155 157 174 190 201 219 233 269 278 297 309 320 337 350 364 397 431 456 506 561 634 725 779 861 976 1096 1240 1482 1780 2159 2636 3249 4204 5883 8304 12926 23353 52316 208183 
179 108 110 114 116 124 126 138 141 155 161 167 179 188 184 194 204 225 242 259 267 275 294 302 328 352 376 401 434 476 512 585 641 697 784 890 981 1118 1286 1522 1815 2183 2664 3298 4297 5943 8414 13106 23414 52190 208923 
