surface/epsilon 0.5 0.49 0.48 0.47 0.46 0.45 0.44 0.43 0.42 0.41 0.4 0.39 0.38 0.37 0.36 0.35 0.34 0.33 0.32 0.31 0.3 0.29 0.28 0.27 0.26 0.25 0.24 0.23 0.22 0.21 0.2 0.19 0.18 0.17 0.16 0.15 0.14 0.13 0.12 0.11 0.1 0.09 0.08 0.07 0.06 0.05 0.04 0.03 0.02 0.01 
0 9 10 10 10 11 11 11 10 11 12 12 13 13 14 16 16 17 16 18 19 22 24 27 25 28 28 27 31 31 34 39 47 52 60 68 80 94 101 120 135 162 207 259 350 458 653 1048 1841 4101 16309 
1 7 8 8 8 8 8 8 8 10 11 12 14 14 13 14 14 15 15 16 17 17 18 22 24 31 34 34 34 36 38 44 51 56 56 61 67 76 90 105 125 169 206 251 331 452 638 991 1823 4105 16371 
2 6 6 6 6 7 7 8 8 9 9 9 10 11 13 16 16 19 20 21 23 23 24 25 27 30 32 33 34 37 38 42 43 47 58 66 76 89 108 119 132 155 186 246 323 442 645 1006 1772 4057 16367 
3 9 9 9 9 9 10 10 11 13 13 13 15 16 16 16 19 19 19 21 23 25 25 25 28 28 33 35 38 42 47 50 58 62 73 72 81 88 99 111 128 163 199 256 328 436 644 1026 1755 3973 16172 
4 12 12 13 13 13 14 14 14 15 16 16 16 17 17 21 23 25 26 26 28 30 30 32 31 32 33 36 41 42 44 46 49 52 60 63 74 82 94 105 118 145 187 256 338 457 655 1043 1835 4212 16592 
5 10 10 9 10 10 11 12 13 13 13 13 13 13 14 16 16 18 18 19 19 20 21 24 24 26 28 30 33 35 40 45 52 54 62 72 77 91 110 124 151 182 213 269 336 456 657 1047 1833 4164 16334 
6 11 11 11 11 12 13 14 15 15 15 17 18 20 20 19 20 21 22 26 26 26 27 29 29 31 32 36 36 44 46 47 52 61 71 78 84 97 103 121 149 186 226 278 365 495 707 1081 1907 4189 16603 
7 9 9 9 9 9 11 12 12 12 14 15 15 15 15 16 17 17 18 20 22 22 24 25 27 28 32 32 35 38 38 46 48 49 56 59 73 85 97 115 136 178 216 266 346 466 680 1027 1852 4079 16405 
8 11 11 11 12 13 13 14 13 13 13 13 14 14 15 15 15 16 17 19 20 21 23 24 25 24 26 28 30 33 34 38 42 48 55 65 70 79 86 105 126 151 204 253 321 442 650 1054 1848 4100 16321 
9 8 9 9 10 11 11 11 11 11 13 14 16 17 20 19 20 20 20 20 22 26 26 26 27 27 28 34 37 39 41 46 53 60 65 70 81 89 100 113 136 164 208 258 327 446 633 972 1773 4031 16330 
10 10 10 11 11 11 11 11 13 13 13 13 15 14 15 15 16 21 22 24 25 27 28 28 30 32 34 36 37 39 41 45 52 54 56 66 77 87 99 117 140 171 196 238 329 460 671 1012 1855 4146 16562 
11 8 8 8 8 8 8 10 10 11 12 12 13 15 15 15 16 17 17 18 18 18 19 20 22 26 29 31 32 34 35 39 43 47 53 65 71 78 96 112 124 150 193 252 319 447 620 1016 1756 3988 16217 
12 6 6 6 7 8 8 8 9 11 11 12 13 13 14 14 14 13 13 15 19 20 23 23 23 25 29 30 31 37 39 42 51 57 59 61 64 73 87 104 120 151 188 232 304 423 608 982 1783 4016 16205 
13 13 13 14 15 14 14 14 13 13 14 14 15 15 15 15 15 18 18 19 19 23 23 27 28 29 32 35 38 43 45 47 51 57 65 73 81 89 100 122 133 161 195 252 321 427 645 1025 1791 4062 16194 
14 8 8 9 9 9 9 11 11 11 12 12 12 13 13 14 14 15 15 19 20 20 22 24 24 26 31 37 39 40 44 48 53 57 62 69 76 89 99 117 145 162 200 252 322 442 623 997 1772 4044 16226 
15 4 4 4 4 5 5 6 6 6 8 8 9 11 10 10 13 14 18 19 19 20 22 24 26 28 28 31 32 37 39 43 45 47 55 58 68 81 90 107 124 157 190 253 328 462 640 1017 1819 3997 16121 
16 10 10 10 10 10 10 10 10 10 10 11 12 12 15 14 17 21 20 21 22 22 22 24 28 30 29 31 37 43 46 51 57 63 68 77 82 83 95 111 132 155 204 245 312 456 642 1004 1812 4039 16281 
17 6 6 7 10 10 11 11 12 12 13 13 14 14 14 16 18 18 18 19 19 20 21 26 29 32 36 38 40 41 46 52 57 63 66 73 79 94 111 127 150 179 216 249 335 450 623 985 1816 4078 16326 
18 9 9 9 10 10 10 11 11 11 11 12 13 14 16 19 20 23 23 24 24 25 26 28 28 30 36 39 40 42 46 52 56 58 68 74 79 89 104 121 153 181 217 258 338 468 647 1000 1811 4082 16342 
19 9 9 10 11 14 15 15 15 17 17 18 19 18 19 19 20 22 22 24 26 26 30 33 35 35 41 43 50 55 57 61 68 72 77 85 94 102 117 126 153 182 227 279 348 457 649 1014 1855 4037 16302 
20 11 13 13 14 16 17 17 18 18 18 18 19 19 19 19 21 21 22 23 23 27 27 29 31 33 33 38 41 44 48 53 63 64 70 81 90 100 111 119 150 179 223 282 371 508 691 1061 1885 4121 16358 
21 6 6 7 7 7 7 7 7 7 7 8 8 9 10 10 11 12 12 13 15 17 17 17 18 24 29 30 34 38 39 46 51 57 61 76 83 90 103 114 135 164 209 271 344 463 640 1016 1788 4105 16428 
22 9 11 10 10 10 10 10 10 11 12 12 13 13 14 14 14 15 16 17 20 21 21 23 25 24 27 30 32 33 37 42 47 55 61 63 71 82 93 108 134 171 208 250 337 454 633 944 1758 3979 16394 
23 9 10 10 12 12 12 12 12 11 11 11 14 14 15 16 17 17 19 22 22 22 24 25 25 27 32 35 37 40 47 48 49 55 57 64 71 81 92 111 138 169 209 279 361 488 666 991 1810 4126 16501 
24 9 10 9 9 11 12 12 13 14 15 16 16 16 17 17 17 17 17 19 22 22 24 28 28 28 29 33 34 38 42 45 48 54 57 59 67 77 94 112 129 155 191 257 324 433 627 1033 1789 4103 16269 
25 11 11 11 11 13 13 15 15 15 16 17 18 19 19 20 20 20 21 21 24 24 26 27 27 29 30 32 37 43 43 47 55 60 64 73 77 98 116 132 152 187 235 287 359 485 710 1096 1845 4080 16381 
26 10 11 12 12 12 13 13 14 15 15 17 17 17 17 18 18 17 17 19 23 26 25 30 30 33 34 35 38 39 44 44 48 51 60 67 79 89 108 121 144 164 195 264 322 458 639 987 1782 3999 16089 
27 11 11 12 12 12 13 13 13 13 14 15 15 15 17 18 20 20 20 21 21 22 22 22 23 24 32 38 40 47 51 53 57 61 63 68 78 85 108 125 157 172 202 266 337 467 652 1017 1812 4072 16493 
28 5 6 6 6 6 7 8 7 8 8 9 10 12 13 14 14 15 15 15 17 18 19 25 28 31 34 36 39 40 42 48 52 57 61 67 74 85 100 110 137 170 218 267 332 462 705 1050 1849 4053 16156 
29 9 9 9 9 9 10 10 9 9 10 10 11 11 12 14 14 14 14 15 16 18 22 23 24 29 30 30 31 34 39 47 52 57 66 73 82 98 111 119 136 165 204 239 320 443 661 1000 1831 4140 16467 
30 9 9 10 10 11 11 12 13 13 13 13 15 15 15 16 16 16 16 16 19 21 23 25 27 26 26 26 30 34 38 45 50 59 62 66 71 86 107 116 146 180 213 279 349 467 684 1046 1871 4099 16439 
31 12 12 12 12 12 13 13 13 13 13 13 14 14 14 14 16 16 19 20 21 23 23 24 27 29 30 32 34 36 44 51 54 57 66 71 75 79 100 113 131 162 200 246 321 445 622 985 1768 3971 16262 
32 10 10 11 11 12 11 11 12 13 13 15 15 16 17 17 19 20 22 24 26 30 30 30 31 34 39 41 43 49 56 61 66 72 78 83 86 99 104 123 142 176 212 251 336 462 633 1003 1808 4106 16330 
33 11 12 12 13 13 13 13 14 13 15 15 15 18 18 19 19 20 21 21 21 21 22 22 25 25 27 29 34 37 40 39 46 48 52 60 73 85 94 113 136 164 200 263 333 448 650 992 1828 4113 16495 
34 8 8 8 8 8 11 12 12 13 13 13 15 15 15 15 15 15 15 15 17 20 22 25 26 28 29 31 35 38 39 43 46 56 62 69 78 88 100 121 145 173 206 259 335 446 649 1025 1840 4048 16242 
35 9 9 9 9 9 9 9 8 9 9 9 10 10 11 13 13 13 15 15 16 17 19 21 20 22 25 27 30 33 33 38 42 45 51 65 73 83 95 111 137 171 211 267 342 480 685 1061 1872 4151 16329 
36 9 11 11 13 13 13 13 14 14 14 15 15 17 16 16 18 20 21 22 23 22 21 22 22 27 28 27 28 30 31 33 36 40 44 52 57 69 78 96 120 148 183 236 317 432 621 1026 1876 4150 16231 
37 6 8 8 8 10 11 10 11 11 12 13 13 13 13 13 16 18 19 19 19 19 19 23 25 29 32 34 34 36 43 47 49 53 60 65 72 81 93 102 125 160 195 245 319 439 656 1029 1816 4158 16334 
38 7 8 8 8 9 9 9 9 9 9 10 11 12 13 14 16 18 19 19 19 20 26 26 26 28 29 32 34 34 38 45 52 59 67 79 84 94 101 117 140 173 213 280 362 472 670 1009 1790 4052 16134 
39 9 9 9 9 10 10 11 11 11 11 13 13 13 13 14 15 18 17 18 20 20 20 23 25 26 29 31 34 35 39 41 44 50 56 64 70 79 94 115 138 170 204 255 324 447 621 978 1769 4043 16230 
40 11 11 11 11 12 12 12 11 11 12 13 15 17 16 17 18 18 19 19 20 23 26 29 31 32 32 35 37 38 38 39 46 50 53 59 67 76 94 118 141 173 207 262 325 457 633 974 1771 3987 16279 
41 9 9 10 10 10 10 10 10 12 12 12 13 13 13 14 13 14 16 19 19 18 22 23 23 25 27 27 27 28 31 36 39 42 49 58 66 78 87 109 133 165 209 262 336 469 703 1078 1853 4080 16359 
42 7 7 7 7 8 8 8 8 8 9 9 10 10 11 12 14 15 17 18 20 20 23 26 26 30 30 31 32 35 38 43 49 54 58 66 76 89 99 115 156 182 225 268 335 464 679 1046 1800 4129 16347 
43 11 11 11 11 11 11 11 11 11 12 12 13 14 15 16 18 17 18 21 21 23 24 24 27 27 31 34 36 38 38 40 43 47 57 73 85 97 107 127 145 173 214 267 332 461 680 1036 1793 4038 16293 
44 9 10 10 10 10 9 9 9 9 9 10 11 11 11 12 13 14 14 14 14 15 17 20 22 24 25 27 29 38 38 43 53 57 60 64 72 84 93 105 129 151 202 250 332 460 622 1009 1813 4070 16177 
45 8 8 8 8 8 8 8 8 8 9 10 12 14 14 14 15 15 16 18 18 21 24 22 21 24 28 29 34 37 44 49 59 64 65 74 78 95 114 128 152 183 225 273 364 480 669 1034 1815 4125 16397 
46 5 5 5 5 5 5 6 6 7 9 10 10 11 11 12 13 13 13 15 19 21 23 23 25 27 30 33 33 35 40 42 48 54 58 61 72 84 98 118 141 167 196 252 316 437 666 1041 1775 4031 16208 
47 8 8 8 10 10 11 11 11 11 11 11 13 13 15 17 17 18 21 22 23 23 23 24 26 30 35 37 37 38 41 45 49 52 59 67 72 81 92 107 130 157 206 258 345 459 664 1073 1835 4029 16351 
48 7 7 8 8 10 11 11 11 11 11 11 11 11 12 12 13 13 16 18 19 18 19 22 24 25 30 31 32 38 38 40 44 47 51 57 71 80 87 110 131 164 200 241 313 424 607 975 1822 4055 16164 
49 6 6 8 8 8 10 10 10 10 11 13 13 13 13 14 14 14 14 14 15 17 17 18 18 20 22 24 26 28 32 34 41 50 54 59 63 75 86 104 123 149 194 243 326 438 667 1086 1874 4148 16441 
50 7 7 8 8 8 8 8 9 10 10 10 11 11 11 11 13 13 14 15 15 17 18 20 25 25 28 30 32 33 33 38 42 48 56 62 75 83 98 113 130 150 196 255 336 454 635 985 1809 4035 16298 
51 10 11 11 11 11 11 12 12 12 14 15 16 16 17 18 19 20 21 22 24 25 27 26 26 30 31 35 35 36 41 45 49 52 59 65 76 86 100 119 136 164 203 260 333 448 649 1035 1844 4032 16233 
52 5 5 5 6 6 7 7 7 8 8 9 9 9 8 8 8 8 9 10 11 14 16 15 18 22 23 25 25 27 34 37 39 46 53 59 73 78 92 113 135 161 203 248 327 460 643 1003 1808 4036 16218 
53 9 9 10 10 10 11 11 11 11 11 11 11 11 13 14 15 14 14 18 19 19 20 20 21 21 24 26 29 32 36 38 47 48 49 58 69 80 85 107 140 162 209 254 317 433 654 1041 1863 4127 16438 
54 14 14 14 14 14 14 14 15 17 18 18 18 20 22 23 22 23 23 24 24 26 27 27 28 29 30 31 31 32 38 39 45 57 60 71 76 91 103 117 139 172 226 285 370 468 671 1055 1814 4050 16374 
55 10 10 10 10 10 11 11 12 12 12 12 12 12 12 12 12 13 13 13 14 15 15 16 17 18 21 25 29 34 36 37 42 47 53 57 68 85 105 124 143 165 215 274 361 482 675 1040 1808 3964 16138 
56 3 4 5 9 9 8 8 8 8 10 10 10 11 11 14 14 16 16 16 17 18 19 20 23 28 28 33 35 37 38 41 44 51 56 64 74 83 100 120 147 177 214 264 346 481 691 1033 1796 4050 16406 
57 10 11 11 11 11 11 13 14 13 13 13 13 13 14 17 17 17 17 18 20 22 25 26 26 26 28 33 33 40 42 48 57 61 66 71 79 91 101 115 139 174 225 276 361 462 668 1051 1840 3986 16159 
58 10 10 12 12 12 12 13 14 13 13 15 15 16 16 16 16 18 20 20 20 22 22 23 25 26 28 30 31 36 41 51 56 64 72 74 83 93 106 120 153 176 211 264 330 462 639 1011 1864 4109 16289 
59 8 8 8 8 8 8 8 8 8 7 9 8 9 10 11 11 12 13 13 17 17 18 19 19 24 24 31 32 35 39 45 49 57 61 68 77 89 104 115 144 170 214 258 343 464 661 1039 1842 4103 16432 
60 8 8 10 10 10 10 10 10 12 12 12 12 13 14 14 15 15 15 15 15 15 15 18 18 21 25 29 32 32 36 39 39 47 56 62 73 86 99 119 137 173 207 261 351 474 687 1035 1820 4085 16459 
61 9 9 9 9 10 10 12 12 12 12 12 13 16 17 19 19 20 20 19 20 21 21 22 23 23 26 32 33 38 42 42 51 57 61 69 74 89 101 115 141 172 212 274 345 466 669 1043 1818 4027 16306 
62 6 8 8 8 9 10 10 10 11 11 13 14 14 16 18 19 20 23 25 25 25 27 27 30 32 34 36 41 47 51 51 55 67 78 86 98 109 127 140 173 213 237 295 378 493 695 1054 1902 4088 16496 
63 5 5 5 6 5 6 6 6 6 6 6 6 6 7 7 9 10 10 10 11 12 15 19 19 19 20 22 26 31 34 39 46 55 60 61 68 80 90 108 132 174 206 261 334 459 663 1026 1842 4101 16468 
64 2 2 2 3 4 4 4 7 9 9 9 9 9 10 11 12 12 12 15 17 17 17 18 22 26 26 28 30 31 32 36 39 40 45 50 56 67 83 93 117 144 182 224 300 410 602 950 1717 3958 16149 
65 6 6 6 6 6 6 7 6 6 7 8 9 11 11 11 11 13 13 13 13 13 13 13 15 17 23 25 27 31 33 35 40 51 55 60 66 74 89 110 129 153 203 255 352 464 645 1012 1807 4096 16187 
66 8 8 9 10 10 10 10 12 12 12 14 13 14 14 14 18 19 21 23 24 24 25 25 29 29 30 31 34 37 42 45 51 59 64 75 83 100 117 130 148 190 232 294 377 516 705 1060 1862 4076 16259 
67 10 10 10 10 10 11 11 11 11 12 13 14 16 18 18 20 20 20 23 23 24 24 25 26 29 31 34 37 41 46 53 59 65 72 82 86 98 109 120 143 178 219 282 358 477 687 1039 1815 4128 16526 
68 7 7 7 7 7 7 7 7 7 7 7 8 9 9 10 11 11 13 13 13 13 13 13 14 15 17 24 25 28 31 38 41 42 48 56 63 80 92 113 135 152 199 240 310 451 662 1024 1803 4029 16218 
69 9 9 10 11 11 10 10 12 14 14 15 17 20 19 19 20 21 21 20 20 20 19 22 22 23 23 25 25 29 34 39 44 46 55 62 68 77 87 107 138 173 214 278 349 456 664 997 1738 3967 16288 
70 8 8 8 8 9 9 10 15 16 16 17 19 20 22 23 23 25 26 26 28 29 31 31 32 34 35 36 37 40 44 47 52 55 63 70 74 85 98 119 141 173 210 262 323 445 647 1001 1747 3959 16039 
71 2 3 3 3 3 2 2 2 2 2 3 3 3 4 4 4 5 5 6 8 9 12 16 16 18 20 20 22 28 32 34 37 45 53 57 65 78 97 117 136 171 201 247 328 453 638 994 1780 4091 16020 
72 7 7 7 7 7 7 7 7 10 10 10 11 10 13 13 13 14 13 16 18 18 18 20 24 26 29 34 39 42 44 47 51 56 60 68 76 88 104 112 141 168 205 253 335 462 659 1027 1786 4103 16492 
73 6 6 6 8 8 8 10 10 13 14 14 16 16 17 18 18 20 22 22 22 25 25 26 26 28 29 35 38 43 44 46 55 59 71 76 79 91 106 114 125 149 178 233 317 434 636 1040 1823 4059 16484 
74 10 10 11 12 12 13 13 13 14 14 15 15 15 16 16 16 18 21 21 26 26 27 27 31 32 33 36 37 47 51 51 55 59 63 69 82 95 102 119 141 163 187 247 328 446 648 986 1778 3933 16125 
75 7 7 7 8 8 8 8 8 8 9 9 12 11 11 11 11 16 16 17 16 20 22 22 26 28 31 31 34 35 41 50 55 57 65 73 80 88 101 113 124 162 199 252 322 439 652 1002 1761 4097 16201 
76 9 9 9 9 9 9 9 9 9 10 12 13 14 15 16 17 17 18 19 19 21 23 24 27 30 30 33 38 43 44 51 55 56 59 62 74 86 104 125 151 178 218 263 348 494 684 1080 1903 4120 16356 
77 8 9 9 9 9 10 10 10 11 12 12 12 14 14 16 16 17 18 21 22 21 22 25 27 28 30 31 40 40 46 51 52 56 65 71 81 94 104 113 136 168 204 255 323 432 616 1033 1813 4061 16234 
78 7 7 8 9 9 9 11 11 11 13 14 14 14 14 15 15 14 14 14 14 14 16 16 16 19 22 24 31 34 37 41 44 49 59 65 74 84 96 113 128 153 192 251 339 454 651 1029 1790 4166 16284 
79 6 6 6 6 7 7 6 7 10 10 10 10 10 11 12 13 13 13 13 14 12 16 21 23 23 25 28 32 35 42 46 47 51 63 66 78 91 103 130 154 187 229 280 353 479 647 1003 1801 4062 16270 
80 8 8 9 10 10 10 10 10 11 12 14 15 15 15 16 17 17 18 18 21 24 24 24 25 28 30 31 31 36 40 44 53 61 71 81 90 106 112 126 148 175 209 263 349 478 673 1014 1776 4048 16073 
81 6 7 7 7 8 8 8 9 9 9 10 11 11 10 10 12 13 15 14 14 17 20 20 20 23 23 26 25 27 31 33 33 42 52 62 72 85 96 106 136 161 205 278 345 471 673 1057 1849 4108 16317 
82 10 10 11 11 11 12 12 12 12 12 11 12 12 12 12 13 13 13 14 14 15 16 16 18 24 27 29 32 35 36 44 50 57 60 63 76 89 108 129 150 169 223 269 353 484 663 1008 1765 3933 16008 
83 7 7 8 8 8 8 10 9 9 9 9 9 10 10 12 12 12 12 13 15 15 15 18 23 25 25 25 27 32 35 38 42 45 50 57 64 76 92 107 129 148 181 231 302 422 625 1003 1794 4032 16282 
84 7 7 7 9 9 9 9 9 10 11 12 12 12 12 12 12 13 17 19 17 17 20 21 24 28 31 33 37 42 42 49 51 54 65 67 77 91 104 121 138 171 206 262 357 475 677 1032 1871 4134 16277 
85 7 7 8 8 8 8 8 8 8 9 9 10 11 14 17 19 20 21 21 22 24 25 25 26 30 33 33 36 38 44 46 54 59 65 72 79 86 103 115 137 171 209 264 345 464 673 1025 1847 4090 16561 
86 8 8 8 9 9 9 10 11 10 12 12 12 12 14 15 15 15 16 18 19 22 22 25 25 25 29 33 35 38 45 48 53 64 67 72 85 97 107 124 155 188 222 259 335 455 661 1024 1831 4069 16355 
87 4 4 4 4 4 6 5 6 6 6 6 8 8 8 8 8 10 11 13 14 14 14 16 19 20 21 24 26 32 37 41 44 50 56 63 77 90 103 115 133 156 192 251 329 456 671 1077 1869 4213 16540 
88 9 10 11 10 10 10 10 10 10 9 9 10 10 11 12 12 12 13 15 16 19 21 22 22 23 25 26 27 32 37 40 43 42 50 59 68 77 84 100 126 150 190 244 335 461 666 1032 1757 4050 16375 
89 14 13 13 13 13 13 13 14 14 15 16 18 18 20 20 21 22 25 26 27 28 32 33 36 37 43 44 46 47 49 54 58 64 74 80 90 102 111 127 154 177 224 282 354 476 685 1097 1844 4171 16302 
90 9 9 9 11 11 11 12 12 12 14 14 14 15 15 19 20 20 20 20 20 20 20 23 23 25 25 28 31 36 40 44 53 61 64 65 77 87 100 122 145 178 201 255 342 457 654 1046 1859 4105 16379 
91 6 6 7 7 9 13 11 12 12 13 13 13 13 13 13 15 16 17 17 17 18 18 19 20 22 23 26 28 30 30 37 44 51 58 66 78 92 100 122 139 165 191 237 312 438 630 1026 1833 4176 16287 
92 8 8 10 10 11 13 16 16 16 16 16 17 18 18 18 19 20 21 21 21 24 26 26 28 32 36 38 39 48 51 50 54 61 66 73 77 92 107 124 157 184 217 275 372 483 677 1043 1813 4052 16362 
93 6 6 6 6 7 8 8 8 9 10 10 11 11 12 12 12 12 13 15 16 17 17 18 19 19 21 24 28 32 37 38 42 45 51 52 59 69 80 97 119 139 171 223 291 425 611 977 1791 4084 16234 
94 7 8 11 11 11 11 11 11 10 10 11 13 14 14 15 14 14 15 15 20 23 24 27 27 27 28 31 35 40 44 45 53 59 63 71 75 86 100 122 137 156 191 248 319 435 639 1011 1809 4163 16380 
95 7 7 7 7 8 9 10 10 10 10 13 13 13 13 15 14 14 18 19 19 22 22 24 24 27 31 35 38 39 44 48 50 55 63 73 82 94 110 128 145 175 213 265 345 465 640 1029 1796 4078 16197 
96 7 8 10 10 11 13 13 13 12 15 16 16 15 15 16 19 19 20 21 23 26 26 29 32 33 35 40 40 42 45 51 53 58 62 69 80 93 107 130 155 178 211 280 351 484 685 1072 1834 4099 16230 
97 12 13 14 15 15 14 15 15 15 15 15 15 15 17 18 19 19 20 21 24 26 27 28 27 31 32 32 35 43 48 55 57 60 74 82 87 100 115 136 156 174 207 272 354 471 649 1011 1800 4063 16216 
98 7 7 7 7 8 11 13 14 15 14 14 16 17 17 18 19 20 22 22 24 25 26 26 28 32 34 38 38 38 41 46 49 52 57 67 81 95 119 137 166 195 225 281 362 470 670 1049 1830 4114 16324 
99 8 8 8 8 8 8 8 8 8 9 11 11 11 11 15 16 18 20 20 22 24 26 27 29 35 38 39 39 45 45 47 57 63 72 82 87 99 110 130 157 186 233 290 368 483 726 1100 1903 4166 16446 
100 7 7 7 7 9 9 9 9 10 10 10 10 10 11 12 13 13 13 15 15 19 20 22 23 24 27 27 33 38 42 48 52 59 70 86 102 112 128 144 170 204 248 302 375 477 678 1052 1886 4156 16311 
101 12 13 13 13 14 15 16 16 16 16 17 19 19 22 22 21 25 26 26 26 26 29 30 30 30 32 32 38 42 44 47 56 65 73 84 93 105 125 138 156 188 228 280 350 481 702 1037 1797 4023 16186 
102 7 7 8 9 9 9 9 10 10 10 10 13 15 15 16 16 17 17 18 19 22 24 25 25 29 30 36 37 43 46 49 57 61 66 72 78 85 100 106 133 173 215 277 359 490 680 1041 1776 4076 16539 
103 12 12 14 14 14 14 14 15 15 15 15 17 17 18 19 20 21 22 23 26 28 28 28 30 33 35 36 38 42 42 43 49 56 58 70 80 86 98 113 140 153 198 249 334 458 674 1083 1886 4076 16252 
104 6 7 7 7 7 8 8 7 7 7 7 7 8 8 9 9 9 12 13 14 17 16 18 21 23 26 29 29 30 35 40 48 52 54 64 65 74 92 118 140 164 210 261 362 475 687 1029 1799 4079 16380 
105 9 10 10 10 10 10 11 11 11 11 12 13 14 15 16 16 17 17 19 23 25 25 26 28 28 29 29 31 33 34 36 41 47 53 64 70 80 96 113 134 162 191 244 322 430 616 988 1754 4128 16464 
106 10 10 11 11 11 11 11 11 13 13 14 14 14 15 15 16 18 21 25 26 25 26 26 31 32 32 37 38 41 45 51 56 59 64 70 83 96 119 135 155 180 207 269 349 460 667 1046 1813 4120 16338 
107 8 8 9 9 9 10 11 13 13 13 14 15 15 15 17 18 21 22 22 23 23 23 25 28 30 33 33 35 43 42 46 52 56 60 66 75 84 93 110 143 169 197 243 312 445 656 1024 1840 4062 16294 
108 6 6 6 6 7 7 7 8 8 9 9 9 11 11 11 12 13 13 15 16 17 19 19 19 21 24 24 25 26 37 42 48 51 57 62 73 82 96 112 138 168 220 272 362 484 677 1044 1867 4141 16465 
109 15 15 15 17 17 16 17 18 18 18 18 18 19 19 19 20 20 20 22 23 24 25 27 32 35 35 37 40 44 45 48 51 59 66 70 73 87 100 114 138 162 208 284 362 478 666 1031 1801 4085 16350 
110 3 3 4 4 4 4 4 4 4 4 6 7 7 8 9 10 10 13 14 15 17 18 18 22 21 19 23 23 26 33 34 40 47 58 65 69 83 96 108 131 158 198 249 318 435 678 1051 1856 4124 16192 
111 5 5 6 6 6 6 6 6 6 6 7 8 10 10 10 12 13 13 15 15 16 17 20 22 22 22 21 25 27 33 37 41 43 47 47 60 75 84 99 123 150 183 249 333 457 628 993 1788 4047 16169 
112 8 9 8 8 9 9 9 9 9 9 9 9 10 11 14 15 18 18 18 18 21 22 26 28 28 30 31 33 37 39 43 47 53 61 65 81 88 100 119 143 167 214 276 365 474 681 1025 1745 4029 16280 
113 6 6 6 7 8 8 8 9 10 10 10 10 10 10 11 12 12 11 12 11 12 14 15 16 17 18 21 22 23 28 31 35 43 47 56 65 83 94 106 133 161 205 263 345 458 649 1028 1789 4116 16308 
114 10 10 11 11 12 12 12 12 12 12 12 12 12 14 14 16 15 15 16 16 17 18 20 23 24 27 26 27 29 32 35 44 50 56 62 75 92 111 125 138 167 200 255 343 466 661 1022 1790 4007 16104 
115 9 9 9 11 11 11 9 10 9 9 11 11 11 14 15 16 16 19 19 20 19 21 22 23 27 30 31 38 43 46 54 57 66 70 78 83 95 108 125 144 171 210 264 336 456 662 1079 1861 4125 16184 
116 11 12 13 14 14 15 17 16 16 16 16 17 17 18 19 19 20 20 20 21 21 24 29 31 35 36 35 38 40 44 49 54 59 62 67 80 92 110 123 148 174 218 269 347 457 659 1030 1794 4020 16228 
117 6 8 8 9 9 9 9 11 11 12 12 12 13 15 14 13 13 13 15 15 15 18 20 20 20 23 23 26 31 33 35 38 41 43 48 57 67 82 97 120 155 197 252 316 446 633 989 1783 3987 16246 
118 8 8 8 9 10 10 10 10 10 10 12 14 13 13 13 14 16 16 16 16 17 19 21 21 23 22 25 33 41 44 47 51 54 56 65 74 86 94 117 144 177 209 262 344 464 672 1019 1824 4091 16357 
119 9 10 11 12 12 12 12 14 14 14 16 17 17 17 17 18 20 21 21 24 25 26 26 28 28 31 32 34 36 41 46 49 59 63 72 83 99 111 126 148 184 234 286 368 497 704 1082 1902 4101 16321 
120 6 6 7 8 9 8 8 8 9 10 11 11 11 12 13 14 14 14 14 14 17 16 19 21 22 23 26 28 29 27 32 34 37 44 51 62 77 87 104 116 147 180 225 333 449 642 1011 1784 4088 16259 
121 10 11 11 11 11 13 13 13 14 14 14 13 14 14 15 15 16 16 23 24 25 25 27 26 28 30 31 35 40 43 47 50 55 62 71 76 84 103 115 144 174 216 275 352 490 689 1072 1861 4069 16402 
122 7 7 7 7 8 8 8 9 9 12 13 13 13 15 16 16 17 19 19 20 21 22 25 28 29 29 32 35 34 38 41 45 49 57 67 80 87 92 106 129 164 196 258 334 455 663 995 1776 4039 16299 
123 9 10 11 10 10 11 13 13 13 14 16 16 17 19 20 22 24 26 26 28 28 30 32 35 37 40 41 41 45 46 51 56 63 70 78 89 99 109 123 139 172 215 267 346 434 644 1048 1894 4123 16364 
124 4 6 5 6 6 6 6 7 8 8 9 9 9 9 11 11 12 12 12 12 15 17 18 20 20 23 29 31 34 36 41 47 50 54 66 80 94 107 124 141 164 191 243 323 440 658 1035 1802 4063 16350 
125 9 9 8 8 9 9 10 10 10 10 10 10 11 11 12 13 14 15 16 18 21 22 24 26 27 27 30 32 34 36 39 42 45 58 65 76 86 102 123 140 169 216 278 355 485 705 1084 1930 4181 16406 
126 6 6 7 7 7 8 8 8 8 8 8 8 9 10 10 12 12 12 14 14 15 16 17 17 21 23 24 26 27 31 35 37 46 55 66 72 83 90 111 131 167 209 269 336 463 663 1053 1866 4123 16275 
127 8 8 8 9 9 9 10 10 10 11 11 12 12 13 14 15 14 14 17 19 19 23 24 23 25 29 33 34 40 42 48 54 56 59 68 77 83 97 116 133 164 208 263 339 452 648 987 1846 4080 16300 
128 9 9 9 10 10 12 12 12 11 12 13 14 13 14 15 15 16 17 19 19 22 22 23 24 32 38 40 41 45 47 49 49 54 57 71 76 96 107 132 158 180 216 282 354 465 637 1020 1795 4101 16387 
129 4 5 5 7 7 8 10 10 11 11 11 12 12 14 16 18 20 20 23 26 26 28 28 29 31 31 34 36 39 44 47 51 55 63 76 79 91 103 116 136 169 227 279 346 465 676 1055 1831 4123 16437 
130 12 12 12 13 13 13 14 15 15 17 17 17 17 17 17 18 19 20 20 22 24 27 28 31 31 33 39 42 44 46 48 52 53 61 69 79 89 97 112 143 168 203 275 351 470 668 1044 1813 4143 16463 
131 10 10 11 11 11 11 12 12 12 12 13 14 15 16 16 16 17 18 20 20 21 23 24 24 30 30 33 35 39 44 47 53 55 61 74 82 92 103 116 133 163 201 274 342 473 691 1064 1831 4014 16258 
132 8 8 8 8 8 9 11 11 13 13 12 12 12 12 14 15 16 16 19 20 21 24 25 27 28 29 30 32 32 36 41 44 50 55 69 76 93 108 119 137 172 211 258 333 441 648 993 1754 4049 16299 
133 7 7 8 9 9 10 11 12 12 13 15 14 17 20 20 20 17 18 18 18 18 18 19 20 21 24 27 34 37 42 45 49 53 63 68 77 86 100 121 143 173 215 259 353 477 672 1024 1802 4036 16356 
134 9 9 10 10 12 14 16 17 19 19 19 19 19 19 21 24 26 26 27 30 29 30 31 32 37 38 41 46 50 53 55 58 61 69 80 86 97 108 130 151 172 206 252 331 461 679 1037 1799 4064 16156 
135 8 8 9 10 10 12 12 13 15 15 15 16 15 15 16 17 18 20 22 24 26 29 30 31 31 31 32 37 38 40 44 49 59 63 76 84 94 101 113 141 184 226 295 372 482 673 1089 1796 4097 16169 
136 7 7 10 10 10 11 11 11 11 11 10 11 12 13 13 13 14 14 16 17 20 20 21 21 21 22 27 27 31 36 39 46 49 52 52 64 77 89 104 127 159 197 243 310 430 640 1017 1848 4094 16405 
137 15 17 17 17 18 20 20 20 20 20 20 21 22 24 24 24 24 25 25 27 28 29 30 32 34 34 38 40 45 51 54 57 59 68 79 84 94 103 123 143 175 220 265 334 459 655 1008 1841 4015 16438 
138 7 7 7 7 7 8 8 8 9 11 12 12 12 14 15 16 16 16 17 17 17 17 17 20 21 26 27 31 33 36 40 43 47 52 62 67 77 90 116 137 173 213 248 337 467 673 1027 1889 4043 16359 
139 11 12 12 12 13 13 13 13 14 14 15 15 15 16 17 17 17 18 17 17 17 20 24 28 31 32 35 39 42 46 50 56 61 66 70 73 86 104 118 142 163 204 261 353 462 666 1055 1834 4191 16528 
140 8 8 9 9 9 9 9 9 9 9 10 10 10 12 14 14 15 15 15 18 20 19 19 21 22 24 24 28 33 35 40 47 53 56 67 80 89 102 123 150 187 217 273 366 497 711 1095 1898 4159 16455 
141 12 12 13 14 14 14 14 14 14 14 14 14 15 15 15 17 18 19 20 20 21 22 23 23 23 25 28 30 32 33 35 37 43 47 56 67 73 87 113 134 160 210 259 327 450 648 1021 1790 4142 16186 
142 5 5 5 5 6 6 8 8 9 9 10 12 14 15 15 15 15 16 17 17 18 19 22 23 24 27 28 35 39 38 40 48 56 60 74 79 91 107 124 147 173 203 257 333 439 642 1013 1835 4137 16514 
143 12 12 12 12 13 13 13 13 13 14 16 15 16 16 16 18 17 18 20 20 22 22 26 28 31 32 33 37 42 45 49 50 56 62 68 72 86 103 119 142 178 208 256 351 467 673 1032 1820 4094 16217 
144 6 7 7 7 7 7 7 7 7 7 7 7 7 8 9 11 11 12 12 17 17 22 23 25 27 27 27 30 37 41 42 45 55 59 65 73 91 109 122 139 167 207 255 328 447 645 973 1765 4003 16371 
145 8 8 9 9 10 11 10 12 13 14 15 15 16 18 18 19 21 22 24 25 25 25 27 28 31 34 42 42 45 53 58 63 68 76 86 95 102 109 122 148 185 228 283 365 471 687 1068 1861 4142 16363 
146 3 5 5 6 7 8 9 9 9 9 9 11 12 11 12 13 13 13 15 20 21 24 28 28 28 30 34 39 43 46 50 53 57 64 69 73 87 89 111 136 160 196 247 323 441 635 977 1770 3996 16193 
147 7 7 7 7 8 9 10 10 10 9 9 9 10 9 10 10 11 12 13 13 16 19 21 22 25 25 28 29 34 38 41 46 54 61 75 82 89 108 116 149 173 211 259 334 447 652 979 1753 4081 16502 
148 3 5 5 5 5 5 5 5 6 6 7 7 7 8 9 9 9 9 11 12 13 15 19 20 22 22 24 26 25 28 33 38 42 50 58 69 85 101 121 136 155 194 248 319 433 642 1006 1758 4020 16168 
149 8 8 8 9 12 13 14 14 15 15 15 15 14 15 16 17 17 18 18 18 21 23 22 24 26 26 27 28 31 35 38 41 47 57 64 78 85 103 122 141 175 208 265 345 458 647 1045 1809 4081 16340 
150 6 5 5 7 7 9 9 9 10 11 13 14 14 14 14 14 16 17 18 19 21 22 22 22 23 24 26 28 30 37 38 46 49 60 70 73 85 103 122 140 164 199 247 336 462 664 1028 1837 4148 16459 
151 9 9 9 9 9 10 11 12 12 12 12 15 16 16 17 19 19 22 24 26 27 30 31 34 34 38 39 41 43 48 52 55 59 64 73 85 94 106 131 157 188 215 273 357 476 646 1043 1885 4121 16458 
152 5 5 5 5 5 6 6 8 8 8 8 8 9 10 10 10 10 11 12 12 12 12 13 17 17 18 21 23 29 34 36 40 44 50 53 62 72 91 111 132 168 205 249 327 431 630 983 1751 4108 16417 
153 6 6 7 8 9 9 9 11 11 11 11 12 11 12 13 13 17 18 19 19 20 20 22 23 24 22 24 27 31 34 37 44 46 50 66 78 93 108 124 144 170 210 266 356 481 689 1043 1864 4096 16461 
154 6 6 7 8 8 9 8 8 8 9 9 9 11 11 11 11 13 18 19 19 21 23 24 25 24 25 27 29 35 40 43 47 54 55 62 75 86 99 107 131 168 197 244 321 432 637 1002 1758 4061 16199 
155 6 6 6 6 7 8 10 10 10 11 10 11 13 14 15 16 16 18 19 20 20 21 21 21 22 25 27 34 40 42 44 49 62 64 76 92 99 111 125 151 178 217 269 337 443 654 1045 1857 4159 16327 
156 9 10 10 10 10 10 10 11 12 12 12 12 13 14 15 16 17 17 18 18 19 22 23 23 24 26 29 32 35 39 42 46 50 51 67 76 86 92 113 134 173 214 265 338 459 650 1003 1776 3929 15892 
157 3 4 4 5 5 5 5 6 7 9 10 10 10 10 11 12 14 14 15 17 19 19 19 21 26 29 31 32 37 40 42 47 54 60 67 75 82 96 123 147 172 207 255 347 446 647 987 1773 4070 16528 
158 7 8 8 8 7 7 7 7 7 7 7 7 8 8 11 12 14 17 18 20 21 26 31 34 37 39 40 39 44 48 49 55 60 67 72 76 96 107 125 151 186 223 273 334 456 669 1052 1863 4144 16356 
159 5 6 7 7 7 7 7 9 10 11 12 12 12 13 15 15 16 16 16 17 19 20 22 22 23 26 28 32 35 35 39 44 47 59 67 78 89 107 126 144 172 221 275 352 471 672 1028 1824 4070 16229 
160 10 10 10 10 10 10 10 10 10 11 11 12 13 13 14 15 17 19 22 22 22 23 23 26 28 29 30 31 37 37 44 50 56 62 68 79 90 108 124 145 177 212 261 338 449 634 1025 1832 4086 16488 
161 5 5 5 5 5 7 7 7 7 7 7 8 8 8 9 11 12 12 14 14 17 17 19 23 26 28 32 36 36 41 45 52 64 73 75 90 102 111 122 147 174 213 273 342 467 671 1011 1770 4059 16123 
162 8 9 9 9 11 11 12 13 14 14 14 13 13 13 13 14 14 15 15 15 18 19 20 22 22 26 29 32 35 37 41 43 47 53 57 62 75 90 110 135 159 195 249 320 431 649 1009 1795 4061 16305 
163 8 9 10 10 10 10 10 10 10 11 11 13 12 13 13 15 15 15 18 18 19 21 22 24 27 28 31 34 37 38 41 44 50 53 65 74 84 95 112 133 151 195 247 340 445 645 1061 1839 4161 16211 
164 7 7 7 7 8 10 10 11 9 9 9 11 12 12 12 12 13 14 16 18 20 22 23 25 26 29 32 35 37 42 47 51 58 66 71 76 89 100 116 142 168 211 255 326 453 680 1074 1854 4136 16254 
165 8 8 9 9 9 9 10 11 11 12 12 14 14 15 15 15 15 14 14 15 16 15 16 18 21 21 21 22 26 29 38 43 46 56 67 73 82 97 121 144 166 197 261 325 445 633 989 1788 4061 16299 
166 5 5 5 5 5 5 6 8 8 9 9 9 9 9 10 11 10 13 13 14 16 16 18 17 18 19 22 22 25 32 34 34 40 48 51 60 72 85 100 117 152 179 232 321 437 634 998 1749 4028 16237 
167 8 8 8 8 9 9 9 10 10 12 14 14 14 16 15 17 17 17 17 19 19 20 22 24 23 24 27 29 31 35 41 49 52 54 57 65 81 92 105 134 156 186 245 305 420 618 962 1766 4056 16108 
168 9 9 9 10 10 10 9 10 11 11 11 11 11 11 12 14 14 14 13 14 13 13 17 18 20 21 21 26 32 37 40 44 49 57 66 79 94 102 114 136 148 197 251 332 449 654 1021 1826 4093 16166 
169 7 8 8 8 8 8 9 10 10 11 11 11 12 12 12 16 16 16 17 18 19 20 25 26 29 34 37 41 47 48 55 59 58 72 78 90 102 115 137 155 187 231 282 356 502 709 1089 1887 4105 16434 
170 5 5 5 5 5 5 5 5 5 7 7 9 11 11 12 12 14 18 19 19 18 19 19 20 23 27 29 32 38 38 43 49 52 57 65 71 83 101 122 152 178 214 265 363 476 654 1028 1820 4097 16400 
171 7 9 10 11 14 14 15 16 16 17 17 17 17 16 16 17 18 19 20 20 22 26 26 25 28 30 36 40 44 48 53 56 64 70 80 88 96 108 125 151 171 213 274 348 468 682 1065 1890 4047 16305 
172 9 10 10 10 12 12 12 12 12 12 12 12 13 14 16 18 19 20 21 21 21 21 22 26 28 31 31 35 37 38 41 46 51 50 57 67 84 87 106 139 166 210 259 322 437 655 998 1827 4082 16240 
173 7 7 7 8 8 9 9 10 11 11 11 11 11 11 11 11 12 14 13 15 17 18 19 20 22 26 26 28 29 31 37 40 47 51 63 73 91 101 121 137 163 197 253 325 453 665 1019 1807 3963 16246 
174 8 8 8 9 9 10 11 12 12 11 12 15 15 15 15 15 15 17 17 21 23 25 26 25 27 28 31 33 34 36 41 43 48 50 53 64 77 91 107 123 147 189 241 308 439 655 1041 1817 4026 16363 
175 8 8 9 9 7 11 12 12 14 18 18 18 19 19 20 21 24 22 22 24 22 22 25 24 25 29 31 36 39 42 44 47 53 64 73 82 93 106 122 144 177 205 268 365 479 662 1042 1762 4057 16373 
176 6 6 6 7 7 7 8 8 8 9 9 10 10 10 11 12 15 15 16 17 17 16 18 19 20 22 24 27 36 38 46 50 53 72 74 84 95 110 120 139 172 207 273 362 456 647 1008 1842 4118 16456 
177 6 6 7 7 8 8 10 12 12 12 16 16 15 17 17 17 18 20 20 20 20 21 21 21 21 21 24 28 29 35 40 40 49 58 64 77 87 102 117 138 176 221 273 349 503 676 1010 1814 4035 16297 
178 9 9 9 9 11 13 14 14 13 14 14 18 22 22 24 24 24 24 23 26 26 27 30 37 38 37 39 40 41 44 48 56 63 67 72 82 94 112 128 147 191 219 274 342 434 642 1009 1846 4083 16256 
179 8 9 10 10 10 10 11 11 11 13 14 15 17 19 18 19 20 22 22 23 25 25 26 28 30 36 37 42 43 48 53 57 64 69 72 76 94 100 122 144 170 200 251 334 443 642 1010 1810 4052 16125 
