surface/epsilon 0.5 0.49 0.48 0.47 0.46 0.45 0.44 0.43 0.42 0.41 0.4 0.39 0.38 0.37 0.36 0.35 0.34 0.33 0.32 0.31 0.3 0.29 0.28 0.27 0.26 0.25 0.24 0.23 0.22 0.21 0.2 0.19 0.18 0.17 0.16 0.15 0.14 0.13 0.12 0.11 0.1 0.09 0.08 0.07 0.06 0.05 0.04 0.03 0.02 0.01 
0 13 16 16 16 17 18 18 22 24 24 24 24 27 28 30 31 32 39 38 41 45 46 46 50 52 54 57 58 65 72 77 79 85 96 116 123 137 162 192 230 284 355 436 549 755 1142 1749 3088 6938 27647 
1 18 18 19 19 19 19 19 20 23 26 30 30 30 31 31 32 33 34 34 34 37 39 40 44 49 57 60 64 70 79 86 90 95 111 125 130 156 181 204 244 300 367 448 565 738 1126 1726 3109 6866 27473 
2 11 11 11 11 11 12 12 14 16 17 17 19 19 22 23 25 29 29 31 31 33 33 33 36 42 53 58 60 63 67 73 81 87 97 112 133 148 174 198 231 285 359 439 589 751 1062 1677 2984 6873 27177 
3 9 10 9 9 8 9 12 12 12 12 12 16 16 15 16 18 20 20 21 21 25 27 28 29 31 36 42 49 54 62 74 81 95 101 110 122 142 157 193 229 290 358 433 567 765 1110 1753 3024 6802 27546 
4 8 10 11 11 11 11 11 10 11 12 13 13 19 24 24 24 23 24 25 25 28 29 30 30 32 36 38 44 52 56 65 66 77 84 100 108 129 149 177 223 260 345 433 548 761 1096 1695 2921 6745 27152 
5 14 14 14 15 16 17 17 17 18 20 22 22 25 27 27 27 27 30 30 31 34 36 39 43 46 47 55 59 67 70 74 87 96 106 118 143 164 186 225 252 320 376 468 614 771 1103 1754 3065 6932 27386 
6 10 10 10 10 12 12 12 15 16 18 18 19 19 16 18 19 19 22 22 23 24 25 26 29 33 33 34 35 39 53 57 63 81 94 99 112 127 161 179 230 267 351 449 576 768 1087 1697 3084 7000 27594 
7 14 15 17 16 18 19 19 19 19 18 19 19 21 26 27 26 32 35 34 34 35 39 42 44 50 51 54 60 67 71 75 85 96 106 117 139 150 162 192 231 279 337 429 563 778 1110 1733 3094 6882 27406 
8 10 13 12 13 14 14 15 14 14 15 14 14 17 17 17 20 22 23 26 28 28 29 35 36 41 43 49 52 58 61 68 75 83 90 109 126 158 182 210 251 294 360 426 542 767 1098 1700 3054 6883 27468 
9 11 12 12 12 12 12 12 13 15 17 18 18 19 20 20 20 20 22 26 27 30 34 35 38 39 41 42 46 57 63 66 81 87 91 104 124 139 164 199 234 285 358 440 561 767 1143 1749 3072 6925 27564 
10 15 21 22 22 21 24 25 25 25 26 26 27 27 27 26 28 28 29 32 33 34 36 36 38 43 51 52 56 61 66 77 91 104 118 112 127 156 170 192 218 289 354 477 592 783 1103 1703 2996 6941 27512 
11 10 10 11 11 11 11 11 12 12 12 14 14 15 16 17 22 21 22 22 24 28 28 31 31 35 35 42 50 62 68 70 75 84 103 115 128 148 173 213 244 292 368 454 589 796 1153 1763 3100 6852 27538 
12 6 6 6 6 6 7 8 9 9 10 11 18 18 17 17 19 18 19 21 22 30 31 32 36 39 41 45 51 58 65 73 79 87 100 108 133 147 161 179 210 270 325 424 534 728 1063 1726 3021 6789 27286 
13 11 11 12 15 15 15 15 16 15 16 16 17 17 17 17 17 20 20 20 28 29 29 32 37 38 39 42 50 56 60 65 76 88 97 109 132 148 178 203 239 281 332 428 587 761 1079 1746 3109 6872 27383 
14 15 15 15 16 17 17 16 16 16 18 18 18 24 25 23 23 28 30 30 31 32 33 36 38 42 44 47 49 55 59 66 76 82 100 112 125 138 164 196 234 282 337 442 550 766 1118 1734 3070 6963 27344 
15 12 12 12 12 15 15 15 16 17 19 20 20 20 20 22 23 25 26 28 30 33 34 34 38 40 49 50 59 64 75 76 80 99 106 114 129 149 178 200 235 281 369 454 616 840 1178 1790 3123 6839 27662 
16 14 14 14 15 17 21 21 21 21 21 21 19 20 20 20 22 23 24 25 26 30 34 35 38 47 51 57 62 70 71 73 82 92 99 115 128 147 171 201 237 292 347 445 572 792 1072 1716 3148 7000 27536 
17 13 13 13 13 13 14 14 19 20 20 20 20 19 19 20 22 23 25 27 31 32 38 42 46 42 46 54 62 61 68 73 87 96 111 114 132 163 181 214 254 304 370 468 587 800 1154 1726 3132 6973 27877 
18 10 10 10 10 12 12 12 11 11 13 14 16 18 20 19 19 23 21 27 28 29 33 40 40 43 46 49 54 56 61 72 80 83 96 106 126 139 170 198 244 293 344 442 607 798 1147 1794 3137 7019 27442 
19 9 10 11 11 11 10 10 13 13 14 15 19 21 19 18 20 20 21 23 26 30 32 31 33 36 43 43 43 48 54 61 75 91 109 117 122 143 165 187 218 285 349 417 554 741 1072 1703 3042 6763 27429 
20 11 11 12 12 13 14 13 14 14 14 14 15 16 17 19 21 21 21 25 29 29 35 39 39 40 44 49 50 57 60 69 76 84 94 107 119 132 154 191 219 265 343 403 556 761 1146 1746 3090 6915 27470 
21 12 13 12 15 14 15 17 19 20 20 21 22 24 25 27 27 27 29 29 31 31 32 34 38 44 46 51 58 75 78 91 92 96 108 127 139 155 188 210 241 290 357 460 578 791 1131 1728 3074 6890 27627 
22 16 16 16 16 16 16 18 18 18 18 20 22 24 24 26 27 24 29 31 34 34 35 43 47 49 52 52 59 64 72 78 87 104 115 120 136 150 186 219 252 292 350 439 571 772 1086 1709 3082 6915 27685 
23 11 12 13 13 14 17 17 19 20 24 24 24 28 31 31 32 34 38 38 38 39 39 38 43 43 43 51 57 61 62 75 81 84 94 106 112 137 167 200 225 276 343 427 577 764 1088 1677 2980 6767 27254 
24 12 12 12 14 14 15 16 17 19 20 21 22 21 22 22 28 27 27 29 34 35 39 40 41 46 48 54 59 60 65 65 79 81 95 107 116 135 150 179 216 281 338 426 557 751 1113 1740 3061 6916 27552 
25 12 13 14 14 13 13 13 14 15 18 20 21 21 21 22 23 26 26 27 29 30 32 37 40 40 42 47 51 56 61 66 78 87 100 114 130 135 151 185 226 283 344 460 564 763 1110 1722 3034 6888 27489 
26 13 13 14 14 14 14 14 16 16 16 18 21 21 26 27 33 33 34 38 38 37 38 38 38 45 50 53 55 61 68 77 78 82 89 103 119 139 181 207 223 261 335 451 589 773 1127 1680 3041 7034 27514 
27 12 12 10 11 11 13 13 16 14 17 16 19 19 20 20 24 25 25 28 29 32 35 36 36 40 42 47 54 54 57 69 78 90 96 111 128 149 172 201 231 284 359 458 589 793 1084 1680 3081 6778 27327 
28 16 14 14 16 16 18 18 18 18 18 19 20 21 22 24 24 26 24 24 29 33 34 36 39 39 42 43 43 47 51 57 65 73 78 94 115 146 168 190 234 277 345 441 557 727 1080 1690 3024 6743 27540 
29 17 16 17 16 20 21 19 19 21 21 22 24 25 27 29 33 35 36 37 36 37 38 43 48 53 55 57 63 68 73 82 90 101 102 115 127 158 183 220 264 311 374 432 577 790 1092 1694 3027 6928 27515 
30 16 16 17 18 17 17 17 19 22 22 21 25 25 25 27 26 26 31 36 39 41 40 39 44 46 48 52 57 61 69 80 89 91 104 115 127 149 176 214 252 289 343 431 559 782 1085 1708 3082 6950 27767 
31 11 13 14 13 13 15 17 17 17 18 18 18 19 21 21 22 23 25 26 29 31 32 33 37 38 47 49 53 59 61 67 77 79 98 110 129 140 167 205 249 289 339 423 549 810 1146 1723 3076 6958 27757 
32 13 13 13 13 15 16 15 16 17 17 17 20 21 21 22 25 24 25 26 32 34 35 36 39 44 52 55 64 70 75 74 88 97 112 123 128 153 207 231 270 330 404 505 646 857 1218 1821 3184 7004 27835 
33 14 15 15 16 16 16 16 18 19 21 20 22 23 23 26 27 27 28 29 32 29 29 33 37 42 40 40 44 53 62 66 76 85 94 105 122 133 152 184 204 256 320 409 518 700 1035 1651 2983 6821 27269 
34 10 11 11 11 16 17 18 17 18 18 18 18 18 20 21 16 18 18 21 23 27 28 31 32 34 37 43 47 52 55 67 72 80 88 99 114 128 151 183 207 252 324 405 530 736 1044 1644 2921 6764 27316 
35 8 8 10 11 11 11 11 13 13 13 13 13 15 13 14 16 16 16 18 22 23 28 27 34 34 35 39 46 53 55 68 71 76 92 102 120 137 168 198 235 270 342 427 562 749 1074 1702 3027 6930 27564 
36 17 18 18 19 19 19 19 19 20 21 20 26 27 30 28 34 39 41 41 41 42 43 43 44 47 50 52 53 60 65 74 83 93 104 112 127 147 167 191 240 309 376 464 587 797 1146 1750 3151 7029 27582 
37 6 6 6 6 7 7 7 8 8 13 13 12 12 13 15 16 16 17 17 19 24 27 28 31 36 40 40 41 43 48 57 57 67 78 89 112 132 151 184 222 246 303 399 541 729 1012 1706 3077 6905 27594 
38 11 13 13 13 13 14 14 14 16 20 20 21 20 20 19 19 23 24 24 25 26 28 32 40 41 47 51 53 56 58 60 66 77 94 104 113 127 145 176 231 270 329 405 537 741 1069 1649 2972 6764 27266 
39 14 14 13 13 14 14 14 15 19 20 23 24 25 26 27 27 30 31 31 32 34 35 35 41 44 47 51 54 59 63 74 82 100 110 118 126 142 166 187 234 299 358 432 574 773 1117 1703 3106 6821 27331 
40 10 11 11 11 13 13 14 15 15 15 15 15 15 15 15 16 16 18 22 27 27 31 33 40 44 48 48 55 54 60 67 79 85 98 104 111 128 150 178 217 267 336 431 560 752 1096 1709 2980 6854 27432 
41 15 15 16 16 15 16 16 17 18 21 22 22 23 22 24 24 25 32 34 35 37 39 40 43 44 47 48 51 58 64 69 76 92 102 119 138 158 170 187 234 282 354 449 585 764 1109 1715 3067 6927 27545 
42 12 12 15 16 19 22 25 25 25 25 26 27 26 28 28 31 32 35 35 39 42 48 47 50 58 61 65 68 74 78 82 90 96 111 131 155 171 194 213 258 293 377 482 600 790 1110 1716 3005 6757 27423 
43 14 14 15 18 18 18 18 19 17 21 23 23 25 26 27 27 28 31 36 38 39 43 44 46 48 49 53 59 60 68 70 77 88 104 116 133 152 173 192 218 271 327 421 548 755 1093 1694 3009 6800 27502 
44 11 10 13 13 15 15 17 17 19 19 19 21 24 26 28 29 30 34 33 36 37 38 43 44 46 46 53 58 65 72 75 90 91 95 112 132 147 181 208 247 308 376 470 579 791 1146 1766 3098 7005 27637 
45 9 11 12 14 17 19 19 19 19 19 19 21 22 23 25 31 31 29 31 33 37 38 37 41 45 46 50 56 60 65 73 85 94 104 118 128 147 164 188 223 281 333 437 568 768 1134 1756 3077 6952 27594 
46 6 7 8 8 9 11 12 12 11 12 14 16 16 17 16 18 18 18 23 23 24 25 29 30 41 42 46 52 57 65 66 73 81 87 105 126 147 171 198 238 293 346 437 575 761 1129 1740 3074 6923 27486 
47 6 6 7 8 9 8 9 9 11 11 13 13 15 17 16 17 18 17 18 21 24 28 33 36 42 43 48 52 67 72 73 81 87 94 103 120 150 164 203 245 292 346 446 576 769 1119 1706 3004 6928 27538 
48 11 13 13 13 13 13 13 15 15 15 15 17 17 19 21 21 21 28 28 31 31 30 31 31 33 37 44 48 57 61 70 80 82 90 107 119 140 158 187 229 284 348 427 565 733 1074 1751 3090 6961 27733 
49 10 10 10 15 15 16 17 17 17 16 16 17 16 16 18 19 19 21 24 26 30 33 34 36 36 38 41 43 46 49 58 68 75 85 97 107 129 135 165 193 245 319 426 547 744 1089 1678 3075 6843 27479 
50 8 8 6 11 11 10 11 12 11 12 13 14 14 15 15 16 17 17 17 20 21 24 27 32 35 38 41 41 51 60 62 67 80 89 97 110 120 141 173 198 252 314 418 547 762 1134 1749 3090 6854 27565 
51 10 10 10 12 13 14 16 16 20 21 20 19 19 19 21 24 27 27 27 27 28 28 30 35 40 41 40 48 52 58 62 65 78 91 107 120 127 148 175 220 262 342 419 553 756 1098 1727 3045 6848 27521 
52 10 12 12 12 12 12 15 17 19 21 20 19 23 25 26 27 28 30 29 36 37 37 40 42 44 41 45 48 51 53 60 71 77 86 102 121 131 150 183 219 268 337 420 556 744 1077 1682 3043 6833 27525 
53 10 10 10 11 11 12 14 15 15 15 15 15 15 16 19 24 25 26 28 34 36 37 39 43 51 53 55 58 60 65 73 79 88 100 108 134 153 159 195 232 284 350 445 581 790 1126 1765 3080 6899 27625 
54 7 7 8 9 9 10 10 10 13 13 13 14 15 15 15 16 18 18 22 27 29 35 37 38 41 46 52 53 60 67 71 74 76 86 107 132 146 170 188 211 261 340 443 572 771 1146 1757 3066 6838 27333 
55 12 12 14 14 15 15 16 16 15 15 16 16 19 21 23 23 27 28 29 31 33 33 38 41 46 48 44 47 55 64 81 89 95 107 119 133 151 175 201 248 303 378 450 591 817 1186 1815 3124 7016 27740 
56 18 18 18 19 21 22 21 20 23 24 23 24 25 26 28 30 34 37 36 39 40 42 48 51 54 57 62 64 72 72 78 89 101 118 127 145 168 184 214 239 299 381 479 612 817 1152 1815 3150 6816 27456 
57 11 11 12 14 14 14 14 15 15 15 15 15 15 17 19 21 22 23 23 27 29 32 37 39 45 50 52 58 62 65 71 79 86 100 116 134 158 189 202 242 271 322 426 548 763 1158 1761 3009 7004 27637 
58 7 8 14 15 16 16 16 18 21 21 21 21 22 26 27 28 29 28 28 30 30 31 34 38 48 53 56 60 66 69 73 78 85 88 100 125 152 174 207 247 301 373 462 601 783 1122 1781 3036 6847 27501 
59 14 14 14 14 13 14 15 16 16 17 17 18 20 20 20 21 23 25 28 31 32 33 37 40 42 50 52 59 60 64 68 69 78 91 97 111 136 158 182 222 261 336 417 573 802 1116 1763 3080 6904 27182 
60 8 8 9 10 10 10 12 9 12 12 12 12 13 17 15 17 18 20 20 22 24 24 25 27 28 32 36 42 48 51 62 72 81 88 106 115 136 163 188 244 299 370 450 585 777 1093 1778 3072 7121 27519 
61 11 10 10 11 12 15 15 16 16 16 15 16 18 17 18 20 22 22 27 28 28 34 35 45 47 50 57 60 66 70 76 81 94 94 116 133 141 161 189 229 279 336 443 589 780 1131 1764 3077 6879 27532 
62 8 8 11 12 13 13 14 15 14 14 13 16 21 23 24 25 25 26 28 29 30 31 37 36 39 44 48 51 63 65 79 84 93 114 127 137 152 177 214 257 320 376 468 579 829 1175 1747 3106 6890 27565 
63 10 10 12 12 15 16 18 18 19 20 20 22 22 22 25 25 28 29 29 29 29 32 35 44 51 58 62 64 66 70 72 88 96 107 120 131 155 169 199 243 290 357 428 575 784 1094 1708 3034 6783 27192 
64 14 14 14 14 14 15 15 16 18 20 25 27 27 28 32 30 35 36 35 40 42 41 40 43 49 50 50 55 59 71 73 82 94 101 114 129 144 179 202 238 296 346 437 581 771 1141 1738 3074 6804 27471 
65 10 10 13 16 16 16 16 16 16 17 21 19 18 18 19 24 26 29 33 33 38 42 44 46 51 57 60 64 70 71 78 86 95 106 115 127 155 176 209 245 284 345 433 602 805 1103 1750 3035 6949 27431 
66 16 16 16 17 17 18 20 20 23 25 25 24 27 27 28 30 30 34 36 38 37 38 39 41 43 47 48 50 55 64 74 82 88 102 118 130 142 163 192 232 282 337 429 543 737 1093 1728 2979 6844 27418 
67 14 13 15 16 18 19 21 23 24 25 27 28 28 29 27 27 29 30 31 31 34 37 39 43 47 55 55 57 66 71 77 80 91 102 106 133 151 177 200 236 281 348 424 565 751 1103 1688 3000 6820 27153 
68 18 17 19 19 19 19 19 20 20 21 23 23 26 28 28 29 33 32 35 38 38 38 39 40 41 44 44 47 54 58 65 71 83 98 106 120 139 163 205 232 272 350 432 566 778 1090 1685 3047 6848 27224 
69 9 10 12 12 12 14 16 16 18 18 18 17 18 20 24 24 24 24 25 24 25 25 28 29 33 35 35 41 51 60 65 76 83 95 111 125 142 179 211 252 298 344 431 568 782 1138 1752 3123 6956 27647 
70 14 14 14 14 16 16 18 18 18 19 21 24 24 26 26 25 25 27 31 31 32 35 39 42 43 48 51 57 64 77 77 93 100 108 123 135 157 184 219 258 306 358 444 588 808 1152 1748 3084 6998 27489 
71 8 11 11 10 10 10 11 11 15 15 16 16 16 18 17 19 19 19 27 29 30 33 34 39 41 50 51 56 67 74 79 84 96 106 113 129 147 173 210 239 284 356 456 571 756 1083 1782 3144 6959 27386 
72 10 10 10 10 15 15 16 17 17 17 17 20 19 20 20 22 23 24 26 27 27 31 33 36 42 42 48 55 59 65 71 73 74 86 95 119 133 162 180 224 253 328 419 550 775 1094 1706 2999 7003 27459 
73 12 12 12 13 14 15 16 19 19 20 20 20 21 20 20 22 23 25 25 25 26 28 31 36 41 43 47 53 67 66 70 77 93 101 112 124 135 161 177 221 261 313 410 541 755 1055 1683 3048 6757 27213 
74 16 16 16 17 17 17 17 19 19 20 21 21 23 23 24 25 26 27 28 29 31 33 34 39 43 44 48 54 58 62 65 74 83 96 105 128 139 157 182 223 269 332 433 570 743 1086 1772 3086 6919 27750 
75 9 10 11 13 13 15 15 15 16 17 18 18 18 18 20 20 22 25 25 28 28 29 30 30 37 38 43 49 52 56 65 70 80 89 111 121 148 164 191 231 279 330 427 562 749 1129 1751 3114 6884 27416 
76 12 12 12 12 14 16 16 17 19 22 23 23 24 27 29 31 31 33 33 35 33 35 41 40 42 44 48 53 61 67 74 83 91 99 104 123 144 172 194 226 274 324 412 556 781 1122 1725 3087 6854 27520 
77 10 10 10 10 13 15 16 17 20 21 21 23 22 23 22 23 27 27 27 29 36 37 43 45 47 50 53 58 64 64 73 78 88 99 107 113 130 154 178 226 275 345 451 564 753 1075 1732 3071 6935 27726 
78 14 14 14 14 14 14 14 14 15 15 16 17 18 18 20 19 19 20 22 26 26 30 32 34 38 42 43 45 47 51 59 67 77 89 100 123 143 164 194 235 294 345 429 586 783 1149 1749 3054 6868 27580 
79 11 11 13 12 13 13 13 18 18 18 19 21 22 21 22 24 24 26 26 27 32 33 34 36 40 44 44 50 53 57 67 73 77 88 96 112 134 162 182 212 255 349 453 564 744 1107 1763 3071 6849 27371 
80 14 14 14 14 14 13 13 13 15 16 17 22 25 27 27 31 32 33 32 39 39 41 42 41 45 46 50 53 62 68 79 85 91 96 110 120 142 164 205 235 290 353 451 584 789 1107 1738 3051 6894 27528 
81 8 9 9 8 10 12 13 12 14 14 14 13 14 14 15 14 17 19 21 25 25 26 29 32 34 41 44 51 54 56 59 75 83 91 100 111 135 166 179 225 281 343 425 560 755 1115 1728 3046 6969 27663 
82 6 6 7 7 7 7 7 11 13 13 13 13 14 16 18 19 19 21 25 26 28 25 27 29 30 35 42 48 57 62 61 74 88 97 111 125 144 169 190 229 280 350 420 546 747 1116 1680 3032 6806 27383 
83 10 13 13 14 14 14 16 17 17 20 20 20 19 19 20 23 25 26 30 35 36 39 41 43 50 52 55 60 60 67 75 80 87 95 109 125 140 162 192 219 282 363 443 574 744 1076 1678 3117 6873 27481 
84 9 9 9 10 10 11 12 9 11 13 14 14 15 15 16 18 19 20 23 30 29 31 34 37 43 47 52 54 53 60 67 79 93 107 126 141 156 177 206 260 305 377 470 578 810 1168 1778 3184 6985 27623 
85 13 15 15 16 16 16 16 17 17 17 22 22 22 22 23 28 28 32 31 34 33 41 44 46 47 53 56 60 63 65 70 72 85 91 110 123 139 156 190 215 280 338 432 549 754 1152 1655 2979 6869 27058 
86 13 13 14 14 14 14 16 18 20 20 20 23 24 25 25 25 27 27 27 34 34 36 37 39 43 46 49 52 63 68 73 78 87 93 108 122 142 162 193 232 293 358 456 585 788 1123 1746 3129 6957 27648 
87 16 16 17 16 16 17 22 23 23 24 25 25 28 30 31 29 29 30 31 35 35 36 46 50 50 55 58 61 65 71 70 79 87 94 108 132 146 169 199 230 286 345 419 553 748 1086 1634 3029 6893 27524 
88 10 9 9 9 9 9 10 11 12 12 13 13 15 15 17 18 19 20 20 23 25 25 31 34 41 42 45 47 51 62 63 67 89 95 111 129 145 161 185 224 283 340 424 537 760 1131 1740 3086 7002 27496 
89 17 17 19 19 19 19 19 22 27 28 28 30 30 31 31 34 35 35 35 38 43 42 47 48 53 54 59 61 68 76 81 85 91 104 118 132 154 181 199 239 281 338 433 570 761 1132 1741 3133 6891 27394 
90 15 15 15 16 16 16 16 17 17 18 20 24 18 19 20 21 22 24 25 27 27 28 29 34 40 42 40 43 54 60 64 68 90 97 117 129 138 160 190 223 274 324 412 547 743 1080 1680 2990 6768 27263 
91 11 13 13 15 15 15 15 20 20 21 22 24 25 27 27 26 26 30 32 34 34 35 34 35 39 46 55 60 67 73 78 83 91 97 109 122 143 166 201 240 284 338 413 594 800 1100 1772 3059 6926 27653 
92 14 15 15 15 18 16 18 17 17 16 17 20 20 20 22 25 27 29 32 33 37 37 37 37 40 46 52 59 62 68 76 88 107 110 124 134 165 181 209 224 274 328 439 579 784 1149 1744 3061 6867 27214 
93 12 12 13 13 13 15 15 14 14 14 15 16 17 17 18 17 17 20 26 26 28 29 30 34 39 40 42 42 45 50 51 56 64 77 105 121 138 163 186 224 280 334 418 543 761 1082 1773 3047 6827 27486 
94 16 17 18 17 17 18 19 19 20 22 22 23 26 28 28 28 29 29 31 33 37 40 43 45 44 45 49 50 58 61 68 79 86 89 98 114 131 149 182 220 269 332 446 546 725 1041 1706 2987 6697 27170 
95 6 6 6 7 7 7 7 7 8 11 10 12 13 18 20 19 22 24 24 27 31 32 33 36 43 45 51 58 59 64 72 79 94 105 115 134 157 177 199 229 293 347 432 560 751 1096 1750 2992 6730 27508 
96 9 10 11 14 15 15 15 16 16 16 15 19 20 23 24 24 22 25 26 27 30 30 35 39 42 47 47 49 56 58 75 94 95 101 108 125 152 175 196 229 295 363 462 581 781 1141 1755 3066 6896 27511 
97 6 7 7 7 7 8 12 18 18 18 22 22 21 21 23 25 28 32 31 31 34 34 38 42 52 52 56 64 72 74 70 85 98 112 117 137 159 176 205 240 288 378 473 622 786 1178 1814 3164 6902 27555 
98 7 6 6 7 7 7 7 9 12 12 17 18 19 20 19 23 24 26 27 28 30 32 36 35 39 41 44 47 56 55 63 75 87 88 99 118 150 177 204 230 282 345 449 592 751 1098 1738 3026 6880 27374 
99 14 14 11 13 13 14 15 16 18 20 19 19 20 22 22 22 24 26 31 35 35 35 39 43 46 48 54 58 62 76 78 91 97 110 122 140 152 165 203 241 292 362 447 601 788 1120 1783 3165 6938 27469 
100 10 10 10 11 11 11 12 13 13 13 14 14 17 17 18 18 19 19 20 22 24 27 32 37 39 46 52 60 60 61 64 73 82 97 111 124 142 163 198 238 280 345 451 579 778 1086 1725 3084 6970 27592 
101 11 15 15 15 17 18 19 19 19 19 20 21 24 23 23 26 33 34 36 43 41 40 44 51 54 54 59 62 66 67 72 79 94 110 116 140 156 165 192 231 278 347 449 567 749 1100 1711 3046 6863 27340 
102 11 12 15 15 15 16 18 18 18 18 20 21 21 21 21 22 24 23 24 27 27 30 34 36 39 46 46 50 55 62 65 77 94 103 110 119 139 163 196 231 282 347 437 552 761 1115 1713 3068 6852 27583 
103 11 10 11 12 12 12 13 13 13 14 16 15 15 19 20 20 21 21 27 31 35 38 40 44 46 47 52 55 61 66 74 89 95 100 110 126 136 156 197 231 273 345 445 564 765 1106 1761 3103 6895 27688 
104 14 14 14 15 15 16 15 15 19 22 23 25 29 29 27 26 30 30 34 34 35 43 48 52 50 55 59 61 63 66 74 87 95 109 126 132 147 172 201 235 283 345 454 554 767 1130 1782 3074 6852 27281 
105 17 17 17 17 20 21 18 18 18 18 22 25 26 26 27 27 28 31 35 36 38 44 43 46 49 51 57 60 64 70 81 88 97 113 118 139 159 202 223 253 297 358 464 597 809 1135 1788 3124 6914 27773 
106 9 9 9 10 10 10 11 14 16 16 17 17 17 18 20 21 23 23 24 25 30 34 35 38 41 42 43 45 49 65 73 77 87 96 111 125 145 167 192 232 282 333 430 552 766 1149 1729 3049 6822 27226 
107 15 15 15 15 15 15 16 17 17 18 21 21 23 25 27 30 33 32 33 33 36 39 39 41 43 49 52 57 61 64 68 84 90 102 117 131 148 176 204 247 294 358 452 592 782 1085 1728 3069 6869 27445 
108 11 11 13 14 14 14 14 15 15 14 14 15 15 16 16 21 24 24 26 28 28 30 36 40 42 44 51 54 56 58 65 72 76 101 115 131 156 171 194 238 301 378 455 576 777 1109 1710 3064 6811 27536 
109 6 7 7 7 7 12 12 13 13 15 15 15 16 17 17 17 20 25 25 28 32 34 38 38 39 42 49 53 59 63 70 79 89 94 110 120 148 161 186 223 268 337 440 578 774 1111 1770 3072 6924 27385 
110 7 10 11 11 12 12 11 11 12 13 12 12 13 14 15 19 19 21 22 25 33 33 35 34 34 40 43 46 56 65 73 78 89 98 105 125 139 160 196 229 274 344 440 571 783 1114 1732 3051 6951 27387 
111 14 14 14 14 14 16 15 15 17 18 19 21 21 29 29 30 31 31 32 35 37 38 40 51 49 52 53 62 66 70 72 85 94 105 112 122 141 161 187 215 267 345 430 536 743 1096 1739 3023 6935 27517 
112 11 11 12 12 12 15 18 18 19 21 22 27 27 29 33 32 33 33 35 36 37 39 44 44 47 51 53 57 71 76 84 100 108 118 135 144 160 181 218 267 301 362 454 576 784 1102 1736 3090 7020 27464 
113 14 14 14 14 14 14 14 15 15 15 16 16 19 21 20 20 21 21 21 23 29 30 33 37 45 47 48 53 57 67 74 81 97 105 122 136 148 164 188 226 270 341 426 551 761 1092 1749 3092 6988 27479 
114 15 15 16 16 19 19 18 20 21 26 27 27 28 29 32 32 32 34 36 37 40 41 41 43 45 48 50 52 56 68 75 75 89 99 106 132 148 167 199 229 304 363 434 567 770 1117 1747 3053 6904 27570 
115 11 12 12 12 12 13 13 13 14 14 16 16 20 21 24 26 28 29 31 32 35 37 37 38 43 52 56 60 61 63 77 88 94 98 110 124 143 168 191 241 299 358 451 565 775 1121 1750 3077 6919 27640 
116 10 12 12 12 12 12 13 16 18 18 20 20 23 24 25 24 25 25 27 25 29 30 30 34 36 38 41 43 51 58 62 69 82 93 102 115 136 148 183 222 278 341 423 541 770 1120 1705 3128 6934 27582 
117 9 10 11 12 11 13 15 17 19 19 19 19 20 19 19 18 18 22 24 28 33 29 33 34 39 48 50 57 61 66 70 81 84 91 100 118 135 156 195 230 257 305 404 559 773 1092 1715 2964 6808 27387 
118 12 14 14 14 15 16 16 16 16 16 17 20 20 21 21 24 24 23 26 28 29 30 30 34 39 48 51 51 59 61 70 80 83 96 112 122 148 173 199 241 286 361 449 565 792 1162 1724 3079 6877 27413 
119 17 17 17 17 17 17 16 16 17 19 20 20 20 22 22 24 23 27 28 31 33 37 41 44 46 52 56 56 60 66 70 82 93 102 116 131 149 166 191 233 267 347 447 567 801 1101 1693 3046 6778 27321 
120 16 16 17 18 20 20 21 22 23 23 23 25 28 27 29 29 30 30 32 34 41 45 50 50 54 59 61 64 68 72 79 87 100 105 111 132 158 177 207 247 290 357 465 586 756 1103 1753 3094 6888 27468 
121 10 11 11 11 11 11 11 11 10 11 11 11 11 11 12 14 19 22 28 30 34 35 37 42 40 40 44 50 52 53 57 67 80 93 104 123 128 151 182 226 281 329 399 525 733 1047 1622 3010 6802 27457 
122 8 9 11 11 13 13 13 13 14 15 17 18 17 20 21 24 26 29 30 30 33 32 34 35 42 45 49 48 49 50 58 60 69 84 97 114 129 154 191 217 275 339 436 583 786 1100 1678 3027 6968 27477 
123 15 15 15 15 15 15 16 16 17 21 23 23 25 26 27 29 29 29 30 33 33 34 36 39 43 46 51 54 58 64 77 85 97 110 122 140 151 172 199 251 295 351 423 567 801 1107 1711 3033 6941 27463 
124 13 14 14 14 14 14 16 16 17 18 19 23 24 24 26 28 28 30 31 36 36 38 41 40 43 48 46 50 53 60 72 81 91 101 114 134 157 180 203 226 293 353 428 557 781 1128 1747 3099 6952 27579 
125 11 11 11 14 15 15 15 16 15 16 22 24 26 26 26 27 28 30 34 37 39 38 39 40 42 44 54 59 66 73 79 85 94 109 117 144 158 176 209 239 280 354 437 576 779 1145 1778 3082 6953 27268 
126 11 13 13 13 13 14 14 14 14 14 14 15 15 15 16 19 19 19 20 22 25 29 31 36 39 41 43 48 54 55 60 61 75 83 99 113 132 159 188 222 265 344 419 534 771 1106 1680 3079 6849 27655 
127 7 6 6 7 8 10 10 10 12 13 19 20 21 22 23 24 25 27 29 34 36 39 40 42 44 46 52 59 63 69 74 82 93 106 121 134 146 171 198 235 292 354 447 558 787 1137 1733 3084 6949 27343 
128 7 7 7 7 8 9 10 12 14 14 14 15 16 15 16 16 20 23 25 27 27 28 31 38 49 49 56 61 70 73 75 80 78 85 102 117 137 155 182 222 274 333 407 537 733 1048 1668 3039 6904 27429 
129 11 11 11 11 11 11 13 13 14 15 17 19 20 20 21 21 21 21 26 28 37 40 40 45 49 49 52 54 60 66 72 80 85 102 112 126 140 185 209 247 293 374 463 589 786 1132 1764 3211 6973 27366 
130 10 10 10 10 12 14 13 13 13 14 14 15 15 15 18 20 20 24 26 28 28 30 34 36 40 44 45 45 58 67 73 79 84 93 106 127 136 159 180 219 265 338 404 550 768 1067 1672 2976 6835 27310 
131 6 7 8 8 10 11 11 10 10 12 14 15 15 15 15 15 18 19 21 27 27 32 35 34 35 41 47 50 54 54 59 64 74 86 97 114 129 154 180 215 259 338 423 554 760 1126 1724 3127 6957 27623 
132 6 6 7 7 7 7 7 8 11 11 12 14 19 18 20 22 24 26 27 28 32 34 37 36 43 44 45 48 53 58 66 73 91 106 118 126 142 163 195 237 281 363 441 602 824 1164 1753 3118 6925 27438 
133 9 9 11 11 11 11 11 9 9 9 9 17 17 19 21 23 24 24 24 26 34 34 35 41 44 48 51 55 63 64 71 77 82 98 104 117 146 168 201 244 287 358 458 594 789 1133 1683 3029 6886 27326 
134 9 9 10 11 12 12 14 14 14 14 15 15 15 17 18 18 19 19 21 21 22 26 37 40 42 43 44 47 49 51 59 72 75 92 105 114 130 154 180 225 277 344 435 558 753 1101 1696 3047 6808 27492 
135 10 10 10 11 11 11 16 16 18 19 23 23 25 26 26 26 28 28 29 29 31 36 38 42 42 44 48 54 52 61 65 72 84 101 117 130 148 177 208 235 278 345 465 576 791 1129 1734 3111 6874 27614 
136 9 9 10 12 13 14 15 14 16 17 19 22 23 23 23 26 27 28 28 28 28 32 31 33 34 40 46 51 55 57 66 75 79 91 103 111 131 160 208 239 278 324 432 544 753 1113 1689 3018 6872 27286 
137 10 11 12 15 15 15 17 17 17 18 19 20 21 21 24 26 27 32 32 33 37 39 40 41 42 43 50 60 72 80 84 91 94 103 125 131 143 175 210 239 276 359 456 587 811 1175 1772 3155 7015 27548 
138 13 14 14 14 14 14 14 14 16 18 18 18 18 18 19 20 20 23 24 28 28 32 33 37 42 43 43 44 55 63 66 74 90 93 108 126 140 165 186 229 286 363 456 570 800 1133 1758 3183 7006 27658 
139 18 20 20 20 20 20 21 22 22 24 25 26 28 31 31 31 35 37 39 40 42 44 45 50 53 58 61 62 69 74 86 96 103 114 130 142 163 173 184 230 289 347 433 593 802 1115 1719 3086 6837 27585 
140 10 10 10 11 12 12 14 14 16 18 18 18 18 20 21 23 28 29 32 35 38 39 45 47 50 53 60 62 64 67 71 83 90 107 128 137 162 180 204 244 298 361 449 566 751 1106 1687 3024 6874 27600 
141 17 17 17 18 20 20 20 21 21 21 22 25 29 31 32 34 35 37 39 42 43 43 52 51 55 55 60 65 69 78 81 97 111 117 127 145 154 176 215 246 304 378 452 555 804 1145 1724 3110 6965 27690 
142 9 10 10 10 10 11 12 12 12 12 17 18 19 19 20 21 23 25 28 28 30 35 38 39 43 47 51 52 55 55 66 73 89 102 113 130 151 173 195 240 278 335 432 575 788 1096 1758 3080 6931 27612 
143 14 15 15 16 16 17 18 18 18 19 22 22 25 25 26 29 29 31 31 36 36 40 41 42 43 43 48 55 62 72 77 88 98 108 119 138 151 174 201 241 295 358 447 574 779 1102 1768 3134 6844 27496 
144 8 9 10 10 11 11 11 10 10 12 12 13 14 14 14 17 18 19 22 22 25 28 32 36 39 39 39 41 44 51 58 73 79 98 117 133 159 179 203 226 271 340 435 580 765 1126 1729 3013 6805 27348 
145 10 10 11 11 11 12 12 12 14 14 15 16 16 17 18 18 25 26 28 30 32 35 36 38 40 45 50 51 54 57 65 72 78 92 107 121 145 167 181 214 269 332 418 571 787 1123 1745 3128 6937 27682 
146 5 6 7 8 8 12 13 11 10 10 11 10 13 12 13 15 16 17 18 18 20 24 29 30 29 34 35 40 45 48 55 66 80 85 95 103 128 156 178 232 272 333 423 557 763 1056 1715 3076 6974 27891 
147 9 9 9 9 9 13 13 13 13 13 16 16 20 21 21 21 21 25 28 29 30 34 40 39 42 44 46 47 54 58 62 74 81 84 99 123 138 149 184 217 266 332 421 561 752 1081 1701 3061 6843 27361 
148 14 15 16 18 17 17 18 18 19 19 18 21 21 23 24 25 26 28 29 29 30 31 35 41 40 44 47 56 58 61 66 71 82 98 102 121 134 155 183 218 270 331 410 537 723 1108 1703 3073 6898 27508 
149 7 7 9 9 9 9 12 12 13 16 17 18 18 22 23 24 26 25 26 28 28 29 32 34 37 47 51 55 58 67 72 77 85 94 105 116 143 164 196 240 284 335 454 579 736 1106 1693 2992 6780 27194 
150 10 11 13 15 15 17 18 20 21 21 23 23 23 24 26 28 31 33 35 35 39 43 44 46 48 53 54 56 63 64 76 85 95 106 120 131 155 170 198 224 269 324 427 566 774 1092 1696 3065 6674 27156 
151 13 13 13 14 15 15 16 17 16 15 15 21 22 24 25 24 24 25 27 27 33 36 42 44 47 51 58 57 71 75 83 96 102 116 124 149 163 196 214 252 306 387 485 618 795 1183 1738 3117 6832 27581 
152 16 16 16 16 16 16 16 18 19 19 20 21 23 23 27 25 29 30 30 30 30 31 32 40 42 45 51 51 55 63 74 80 91 101 111 123 143 165 185 229 274 335 431 554 773 1079 1721 3107 6887 27433 
153 12 13 13 13 13 13 13 14 13 13 15 20 21 23 23 23 23 24 27 27 31 32 35 38 39 44 49 49 53 61 70 80 80 91 102 118 130 153 173 230 255 340 437 558 751 1066 1720 3062 6934 27374 
154 12 14 13 14 15 14 14 17 18 18 21 21 21 23 22 24 23 21 24 24 29 29 31 36 40 42 49 58 63 67 76 83 90 102 113 131 138 169 197 240 297 342 424 534 755 1106 1773 3141 7042 27548 
155 14 16 17 17 17 17 18 18 18 19 20 21 23 27 28 29 32 38 38 39 38 40 41 42 44 47 50 50 57 63 70 74 85 94 106 126 143 165 190 224 279 349 428 538 738 1100 1734 3022 6875 27472 
156 10 11 10 10 10 11 11 12 13 13 16 16 18 18 20 20 23 28 30 31 34 38 42 47 49 52 56 60 66 67 73 82 98 109 122 134 142 153 178 216 275 349 421 547 754 1109 1753 3119 6974 27654 
157 12 14 14 14 15 15 14 15 15 18 20 20 21 23 24 26 27 26 28 28 30 31 34 39 41 46 49 56 60 67 84 89 91 96 115 124 129 164 189 234 296 350 442 587 784 1125 1723 3122 6950 27777 
158 7 8 9 9 9 9 11 13 15 15 17 18 21 21 25 25 26 30 32 32 31 35 38 40 40 43 43 52 58 62 68 82 92 103 115 131 153 167 198 225 272 345 439 562 750 1100 1745 3087 6839 27574 
159 9 11 11 12 12 12 13 13 14 19 19 19 23 24 27 25 32 34 34 36 37 39 40 42 41 40 45 56 61 74 76 82 97 109 114 129 143 172 207 238 284 349 451 583 802 1114 1748 3085 6866 27336 
160 12 13 13 14 15 13 13 14 15 15 16 18 19 21 21 23 24 24 28 32 34 38 38 40 43 42 44 49 53 56 64 76 92 106 116 131 146 171 187 213 272 328 419 560 764 1107 1719 3078 6937 27516 
161 11 10 11 11 12 11 11 13 14 16 17 17 18 19 20 21 24 25 25 24 26 29 29 33 33 39 42 51 47 53 55 73 85 93 110 111 133 165 186 230 281 346 431 569 764 1094 1732 3022 6901 27434 
162 14 14 14 17 18 17 18 17 17 17 18 18 18 20 22 24 26 26 31 31 30 30 30 37 41 43 47 52 57 63 76 84 95 104 122 129 142 162 192 235 286 341 431 556 791 1136 1764 3088 6996 27597 
163 5 5 9 11 11 11 12 12 13 13 14 14 14 16 17 18 21 21 22 22 22 22 22 27 27 29 34 36 41 55 63 70 82 92 103 117 138 157 180 214 275 333 420 557 797 1106 1715 3055 6908 27727 
164 8 7 7 7 8 13 15 14 14 15 15 18 19 21 22 22 22 25 21 22 23 25 29 34 38 40 42 51 58 63 67 71 83 93 105 122 146 176 204 242 273 353 438 559 764 1085 1743 3039 6920 27544 
165 6 6 6 6 6 8 14 16 17 17 14 14 17 18 19 20 20 20 21 24 25 27 30 34 39 45 53 55 64 64 68 69 81 89 107 124 146 172 179 210 261 320 425 551 774 1099 1721 3078 6832 27405 
166 11 12 12 14 14 14 16 17 17 17 17 16 20 23 24 27 30 32 35 38 40 37 43 44 46 56 57 57 56 61 70 78 89 100 112 133 159 185 214 249 294 343 448 573 792 1156 1730 3035 6976 27567 
167 16 16 17 18 19 19 19 20 20 20 20 27 27 27 28 29 29 30 30 32 37 42 49 49 51 55 58 60 70 73 75 83 88 101 120 141 169 186 216 267 300 368 468 585 758 1137 1755 3009 6857 27500 
168 14 15 15 15 16 16 17 17 18 19 19 20 22 22 22 22 21 22 24 23 26 26 33 34 36 40 40 44 53 64 73 80 83 95 114 127 153 167 199 224 288 355 439 563 767 1107 1721 3026 6772 27497 
169 13 13 13 14 13 14 15 15 17 19 19 19 18 19 24 24 23 29 30 31 33 33 34 39 46 53 58 56 58 66 75 75 86 90 102 123 134 164 191 238 280 332 429 579 756 1084 1736 3069 6850 27155 
170 16 17 18 21 20 19 19 19 19 20 20 20 22 22 24 26 33 34 36 36 38 40 44 46 50 50 51 57 67 80 86 90 99 109 127 139 157 178 206 261 299 374 443 589 791 1179 1792 3117 6934 27647 
171 12 12 15 17 19 20 19 19 20 22 23 27 30 30 29 31 32 33 35 36 39 42 49 51 51 53 55 62 67 77 84 90 99 114 131 142 150 196 221 272 306 395 493 614 825 1170 1763 3119 6903 27572 
172 7 7 8 8 9 9 11 11 12 13 14 16 16 17 18 19 20 24 26 27 30 32 40 46 47 52 58 61 65 72 77 87 92 108 118 134 157 169 206 249 290 350 454 607 798 1148 1745 3105 6994 27705 
173 10 14 14 14 14 14 17 17 17 18 20 22 23 21 21 25 28 27 28 30 32 31 33 39 39 40 52 57 61 63 66 73 81 89 110 134 152 176 206 249 296 358 425 564 773 1136 1726 3069 6989 27560 
174 9 9 10 11 12 12 14 16 16 16 16 16 17 18 18 19 19 20 21 22 25 27 31 30 34 37 39 45 47 56 63 70 78 90 101 117 123 143 180 221 267 334 416 541 739 1083 1713 3067 6949 27634 
175 15 15 16 16 17 17 18 18 18 18 20 23 27 28 28 29 32 29 31 36 39 39 42 44 50 51 53 56 59 74 79 83 97 110 123 135 144 164 186 233 297 346 425 542 721 1097 1710 3021 6906 27459 
176 10 11 11 11 11 11 11 13 13 13 13 13 14 15 17 17 18 22 26 26 28 30 33 37 39 41 43 44 52 54 55 67 79 83 94 105 129 161 187 218 249 311 412 535 731 1069 1704 3027 6831 27598 
177 11 10 10 11 12 14 14 15 16 16 17 18 20 21 21 24 25 24 26 27 31 34 35 32 35 47 52 61 64 68 70 77 88 98 111 121 137 161 190 222 264 332 428 567 810 1137 1748 3077 6959 27476 
178 12 12 14 15 15 16 16 16 16 17 17 18 18 18 19 21 23 24 27 31 38 39 40 40 43 43 45 46 55 60 68 74 87 96 113 132 146 168 191 219 286 350 427 574 741 1155 1684 3069 6880 27512 
179 5 5 7 7 8 8 8 9 10 10 9 10 10 11 11 15 17 19 23 23 24 27 28 30 33 34 39 42 44 49 58 64 76 79 90 110 132 144 167 197 258 327 412 539 775 1097 1649 3079 6770 27362 
