surface/epsilon 0.5 0.49 0.48 0.47 0.46 0.45 0.44 0.43 0.42 0.41 0.4 0.39 0.38 0.37 0.36 0.35 0.34 0.33 0.32 0.31 0.3 0.29 0.28 0.27 0.26 0.25 0.24 0.23 0.22 0.21 0.2 0.19 0.18 0.17 0.16 0.15 0.14 0.13 0.12 0.11 0.1 0.09 0.08 0.07 0.06 0.05 0.04 0.03 0.02 0.01 
0 17 16 20 21 21 21 24 27 26 28 28 30 34 36 36 38 38 46 51 53 55 62 65 66 76 85 88 98 107 123 144 163 184 208 226 264 313 346 407 486 584 720 941 1208 1640 2380 3691 6560 14825 59530 
1 15 17 18 20 21 22 25 27 28 28 28 30 32 33 36 38 39 44 50 56 57 59 71 79 85 87 92 96 104 111 123 144 172 184 209 254 289 336 397 469 576 710 908 1204 1674 2373 3691 6575 14810 59632 
2 24 26 26 28 28 29 30 34 34 35 39 40 41 42 46 48 48 51 51 53 59 67 77 84 90 89 97 107 118 126 143 155 171 201 237 260 297 346 397 483 583 731 936 1181 1642 2406 3760 6668 14894 59760 
3 24 24 27 28 30 31 31 32 33 36 42 41 42 44 48 50 52 56 61 66 73 78 83 90 99 102 110 110 116 131 143 162 181 202 228 264 293 357 421 498 583 721 908 1199 1670 2389 3696 6616 14987 59456 
4 27 27 26 26 27 29 31 35 37 40 40 42 42 41 44 46 50 53 57 62 66 73 79 87 94 101 115 125 129 137 149 166 188 216 243 270 313 364 440 495 605 733 925 1230 1646 2380 3758 6735 14987 59771 
5 18 20 23 23 24 26 27 31 31 33 33 37 37 35 35 37 41 42 46 55 57 69 73 78 84 91 99 106 111 128 144 148 169 196 220 244 291 334 387 459 553 697 906 1185 1633 2359 3724 6610 14840 59691 
6 23 25 28 28 29 30 30 30 34 33 35 34 37 45 49 49 54 55 59 64 70 75 79 86 96 103 110 129 138 147 157 176 185 203 238 276 320 351 419 485 602 716 902 1185 1654 2406 3707 6615 14830 59565 
7 24 23 22 24 25 25 25 25 26 33 36 37 40 39 40 45 43 45 51 57 62 66 71 74 79 83 92 103 110 129 143 147 167 198 228 254 288 341 406 479 585 740 938 1229 1627 2377 3678 6588 14789 59545 
8 22 21 23 24 26 28 27 29 31 34 39 39 40 41 49 51 53 61 63 62 72 79 79 82 82 88 97 107 115 133 149 170 184 213 243 268 299 329 402 472 568 726 930 1224 1650 2410 3701 6601 14916 59579 
9 21 20 24 27 28 29 30 33 35 35 36 38 41 43 46 47 51 54 54 60 66 71 73 79 86 93 106 121 125 134 145 162 187 211 236 271 306 355 408 482 600 728 918 1219 1630 2337 3692 6601 14831 59438 
10 21 20 19 19 22 21 22 22 23 24 25 28 30 30 33 37 44 52 57 57 65 68 72 77 83 89 99 104 117 129 137 150 159 195 237 261 287 335 400 499 590 731 891 1159 1640 2349 3712 6632 14782 59565 
11 22 23 22 26 27 28 31 34 35 38 39 43 42 45 47 50 55 57 61 64 68 72 79 86 85 92 111 116 125 139 148 162 183 197 219 254 292 346 406 477 593 699 904 1216 1617 2339 3708 6600 14949 59807 
12 27 28 28 30 33 33 35 37 43 42 43 39 42 46 48 49 56 58 63 71 70 77 79 79 85 90 100 113 119 134 146 167 185 203 230 259 297 343 413 497 608 747 949 1234 1668 2408 3715 6667 14951 59667 
13 25 26 27 28 28 29 30 30 37 36 37 37 39 40 44 51 52 58 62 62 64 70 74 89 96 104 112 117 127 137 148 164 183 198 229 266 303 342 401 485 584 732 940 1215 1632 2407 3723 6561 14925 59491 
14 20 21 24 23 24 24 27 28 30 31 35 37 38 39 44 49 48 49 52 53 67 69 70 79 87 91 104 116 123 134 149 167 180 210 232 259 303 355 412 492 588 734 936 1230 1626 2363 3719 6593 14804 59622 
15 22 23 25 27 27 27 27 27 30 30 32 36 40 44 47 48 52 60 61 62 64 71 80 85 91 92 99 106 120 128 137 158 178 191 223 261 304 346 407 488 593 699 900 1170 1623 2302 3656 6505 14992 59295 
16 23 25 27 27 27 26 28 29 30 31 33 39 39 41 45 46 50 49 58 62 63 71 77 83 85 90 94 102 108 123 143 148 172 197 221 267 295 347 409 472 569 726 907 1179 1647 2403 3737 6525 14777 59466 
17 22 22 23 25 26 29 30 26 29 33 36 37 41 46 50 53 55 55 54 52 60 66 73 77 85 95 96 107 121 135 148 156 176 191 221 255 292 332 387 465 578 694 891 1208 1634 2327 3678 6615 14823 59332 
18 26 26 27 27 29 32 32 35 36 37 40 38 39 43 46 50 52 60 59 65 68 70 70 76 80 89 98 106 119 135 147 165 191 210 239 264 304 345 400 485 589 729 897 1177 1638 2335 3677 6531 14809 59581 
19 24 26 25 26 27 29 31 31 34 37 41 40 42 41 46 49 54 58 66 65 66 72 80 82 87 92 105 110 127 138 152 170 181 197 216 252 296 349 415 521 591 717 935 1213 1666 2403 3710 6590 14990 59527 
20 24 25 25 25 26 27 30 31 31 32 34 37 40 44 46 50 53 58 59 62 68 71 71 79 83 91 95 114 121 132 136 156 182 205 249 269 306 354 411 481 605 728 934 1246 1639 2320 3683 6611 14856 59664 
21 21 22 23 23 27 30 30 29 30 35 36 36 35 37 37 40 43 47 49 56 62 69 75 84 82 90 95 103 116 127 134 147 168 182 207 245 287 329 393 481 586 732 910 1186 1619 2353 3708 6589 14970 59626 
22 19 19 19 21 22 24 24 25 28 30 31 32 33 37 42 44 54 58 58 58 64 67 64 73 81 84 94 102 109 121 139 158 161 191 221 254 291 331 382 472 572 714 917 1219 1629 2373 3773 6523 14811 59230 
23 23 22 23 24 25 24 28 29 29 29 31 33 36 36 37 37 39 42 43 53 54 59 67 74 87 103 103 110 117 133 144 157 180 206 229 272 314 357 408 482 584 706 944 1220 1648 2385 3788 6658 14900 59746 
24 22 24 24 26 27 29 29 31 31 33 34 34 38 41 44 41 48 53 56 57 61 66 73 76 82 91 92 103 118 133 148 170 190 207 235 269 303 360 423 504 605 731 932 1214 1683 2409 3709 6610 14818 59272 
25 22 23 24 25 27 31 32 33 34 32 32 32 34 40 42 45 47 54 58 62 66 71 72 80 87 94 102 110 121 130 145 157 180 209 236 260 302 356 410 503 606 743 902 1182 1665 2392 3734 6623 14951 59717 
26 21 21 20 25 27 28 29 31 32 32 33 34 37 37 40 40 43 44 51 53 55 63 66 74 77 84 89 105 119 137 144 165 190 207 219 254 299 343 409 514 607 716 892 1206 1669 2323 3816 6615 14780 59469 
27 20 22 28 30 31 31 34 32 35 34 39 38 40 44 46 46 49 54 50 56 65 66 73 80 83 94 108 107 120 140 151 165 176 212 229 262 301 343 413 493 587 726 890 1184 1636 2411 3739 6642 15022 59744 
28 19 21 22 22 24 23 23 25 27 33 33 35 34 39 41 44 47 51 57 63 71 74 81 82 90 93 100 107 124 135 153 179 199 224 249 270 293 338 405 499 590 731 911 1199 1697 2414 3721 6630 14941 59525 
29 17 20 20 24 23 25 31 33 35 37 36 36 36 34 39 39 38 42 48 52 56 61 70 76 79 86 97 110 112 118 129 146 165 201 224 269 293 344 396 465 558 692 932 1241 1606 2362 3748 6654 14850 59412 
30 20 22 21 21 23 24 25 26 25 31 35 32 34 39 39 42 47 48 52 52 55 60 66 71 78 83 95 107 122 130 150 163 178 188 214 246 290 345 398 471 584 710 918 1227 1642 2365 3729 6526 14908 59396 
31 21 22 21 24 25 28 29 31 32 33 35 36 40 41 45 47 51 53 55 58 62 68 73 79 88 89 100 110 115 131 147 159 186 200 221 259 302 341 402 472 584 719 940 1256 1642 2322 3694 6626 14799 59145 
32 22 23 24 24 26 29 32 32 31 32 35 33 34 41 42 42 50 55 59 61 61 63 69 77 85 94 100 108 109 117 137 149 173 195 214 254 295 310 361 445 566 707 866 1124 1587 2285 3642 6527 14789 59361 
33 19 18 19 19 20 27 29 31 32 32 34 37 38 40 42 44 46 49 53 55 59 65 72 80 84 99 110 120 127 142 155 165 175 196 226 260 304 378 435 525 603 735 942 1270 1715 2393 3862 6657 14936 59669 
34 23 25 26 26 25 25 27 33 35 35 40 40 42 44 45 52 52 57 59 64 67 71 80 88 97 107 112 122 125 134 149 161 186 216 239 273 319 370 423 508 621 763 963 1229 1666 2435 3789 6772 14938 59754 
35 25 27 28 28 31 31 33 34 36 38 40 42 42 45 49 48 50 59 61 68 76 78 85 86 95 104 110 118 127 139 150 171 190 204 230 271 312 352 403 475 597 727 939 1201 1646 2410 3736 6643 14839 59352 
36 14 18 19 18 19 20 22 25 26 26 29 34 35 36 43 41 44 44 46 50 55 57 64 69 75 84 98 106 117 135 152 161 182 199 225 251 277 337 415 501 577 701 873 1180 1677 2317 3719 6590 14845 59451 
37 26 26 27 29 33 34 36 38 39 41 43 47 49 51 51 54 57 59 64 67 71 75 78 86 89 101 115 126 135 149 154 178 191 213 244 270 323 368 434 501 600 756 964 1250 1670 2409 3782 6529 14838 59317 
38 24 25 26 25 28 29 29 32 34 32 34 36 40 42 48 50 52 55 57 63 68 72 76 79 89 97 105 116 126 142 157 177 190 205 236 274 306 370 429 494 602 713 947 1254 1682 2394 3794 6638 15033 59670 
39 19 19 23 25 26 27 28 34 33 33 37 39 39 41 42 46 48 51 55 60 65 69 75 81 83 90 101 111 123 140 144 159 174 200 212 260 304 350 420 493 584 717 900 1212 1663 2372 3737 6597 14934 59697 
40 26 28 29 29 28 30 30 29 30 33 37 38 41 44 45 50 61 64 62 71 73 75 80 80 84 87 98 106 127 138 154 161 180 214 240 269 314 369 426 503 588 738 927 1238 1658 2373 3751 6716 14911 59701 
41 17 19 20 21 24 25 27 28 29 28 29 31 35 38 42 49 52 57 58 60 64 68 70 71 81 85 91 105 116 128 148 171 189 201 223 248 277 332 402 485 604 733 885 1179 1672 2361 3691 6659 14889 59555 
42 21 24 25 24 24 23 23 23 24 25 25 30 33 33 34 37 45 47 54 52 54 58 66 70 81 83 90 98 107 120 130 150 164 190 216 247 285 328 398 453 572 699 921 1177 1617 2386 3741 6614 15039 59722 
43 18 20 21 20 22 25 27 29 34 32 33 34 35 36 39 42 44 46 45 55 58 60 65 71 77 83 93 97 115 123 145 160 188 195 220 246 295 335 398 473 609 749 940 1221 1668 2381 3723 6625 14948 59560 
44 25 27 26 27 27 28 27 27 27 29 36 36 35 37 41 41 43 45 48 50 55 61 64 76 80 95 102 113 119 135 146 147 179 203 227 251 288 350 407 465 551 711 899 1177 1641 2346 3691 6601 14760 59403 
45 24 24 26 26 26 25 26 28 28 30 37 38 38 38 40 40 44 50 52 57 60 65 71 77 82 91 100 104 113 134 151 162 178 196 224 254 285 346 413 497 584 744 917 1205 1653 2354 3670 6632 14766 59514 
46 26 29 28 30 29 29 31 32 37 36 37 39 42 44 46 47 50 58 57 63 66 77 83 93 96 103 108 113 122 133 144 161 182 208 238 273 313 358 408 481 563 719 931 1219 1636 2362 3707 6556 14742 59447 
47 28 30 31 33 33 35 35 38 36 40 40 41 43 43 47 51 55 60 60 62 66 67 77 82 93 103 109 114 116 124 138 155 173 204 232 262 302 357 409 484 562 717 910 1214 1657 2375 3702 6661 14816 59442 
48 23 22 22 23 25 27 28 30 32 35 41 40 42 41 45 50 54 53 55 55 61 72 80 89 94 97 99 112 122 136 150 159 189 207 231 256 303 359 405 490 590 730 922 1218 1666 2448 3679 6592 14849 59294 
49 22 26 27 25 27 27 28 29 29 33 37 38 42 45 48 52 57 61 61 65 68 74 79 80 92 100 110 118 134 147 158 174 197 219 246 285 311 369 447 520 612 760 935 1237 1684 2382 3780 6617 14899 59681 
50 24 25 29 26 27 33 35 37 40 42 42 42 45 49 50 52 56 61 65 69 73 77 82 86 93 98 110 120 128 138 157 170 184 202 233 272 323 372 437 518 619 753 934 1228 1656 2348 3687 6584 14906 59492 
51 24 26 28 27 27 29 31 31 32 31 34 37 39 42 43 48 46 53 57 59 63 71 76 82 89 99 110 112 130 141 154 172 185 209 230 268 316 364 427 487 601 746 944 1217 1644 2398 3681 6618 14847 59556 
52 24 22 24 24 27 30 29 28 30 30 34 37 36 38 42 43 52 52 57 60 61 63 67 69 76 91 104 118 130 147 156 171 196 216 242 267 307 358 413 498 596 744 950 1219 1692 2436 3711 6665 14948 59620 
53 26 26 27 28 29 29 29 32 32 32 36 38 44 45 48 46 45 49 55 60 64 66 69 77 80 91 94 103 114 125 143 158 183 207 240 256 299 349 405 478 576 728 937 1183 1621 2370 3643 6587 14809 59490 
54 25 26 29 30 33 34 35 36 36 38 38 40 40 47 50 55 59 62 63 62 65 72 76 82 88 92 102 114 122 125 141 160 191 213 240 262 295 335 410 491 604 755 926 1195 1631 2340 3698 6640 14872 59630 
55 23 25 26 26 28 29 31 33 35 37 39 41 40 43 44 49 51 51 58 58 63 70 71 79 82 89 108 117 128 134 144 159 184 198 219 254 293 339 411 484 572 704 914 1208 1629 2298 3679 6546 14751 59335 
56 19 19 19 22 22 26 28 31 30 30 33 34 35 36 39 43 44 48 53 53 60 60 65 75 81 88 92 99 107 128 140 151 178 187 210 246 275 333 390 483 575 709 889 1165 1610 2331 3646 6575 14923 59619 
57 23 23 24 23 24 25 26 28 30 32 34 36 43 46 49 50 54 60 63 64 69 68 72 75 80 84 97 104 111 133 142 157 178 191 222 252 292 326 406 468 582 748 939 1242 1633 2321 3695 6639 14750 59378 
58 26 28 26 27 27 29 30 34 33 35 37 39 41 39 38 40 42 46 51 60 68 75 78 90 86 91 102 114 120 130 140 149 174 208 240 284 308 349 407 468 551 723 922 1184 1610 2349 3699 6658 14901 59388 
59 21 22 22 23 27 27 28 30 32 33 38 38 37 40 43 46 48 54 57 58 65 68 73 75 84 89 90 105 128 137 147 166 186 206 232 264 295 356 413 501 596 738 950 1202 1592 2373 3726 6602 14809 59874 
60 26 29 28 28 28 29 33 37 37 40 41 44 45 47 53 54 56 62 68 72 71 75 81 85 94 103 107 123 132 146 167 178 193 217 225 261 289 347 414 489 581 705 909 1214 1647 2406 3707 6564 14641 59328 
61 21 24 26 26 26 26 28 30 31 34 37 41 43 46 51 52 54 59 59 63 67 69 74 72 77 82 93 108 116 129 145 157 169 204 211 246 296 356 422 498 590 734 916 1189 1641 2346 3678 6584 14870 59423 
62 24 27 26 27 27 30 32 35 38 39 43 45 41 42 43 48 50 53 54 60 62 67 72 82 85 92 106 120 125 139 150 165 178 193 218 256 292 335 395 474 587 700 891 1176 1629 2311 3694 6634 14873 59438 
63 24 27 27 27 27 30 29 29 31 35 35 34 35 35 38 43 43 47 51 54 60 70 74 82 83 81 89 97 103 119 134 147 165 190 227 259 286 339 405 473 586 739 928 1212 1637 2399 3732 6643 14938 59859 
64 22 23 23 25 25 27 30 31 30 30 29 32 35 38 39 45 43 44 49 52 53 59 64 73 79 90 102 108 120 128 149 163 176 196 220 244 299 348 400 476 565 715 924 1208 1613 2338 3705 6550 14868 59388 
65 23 24 24 21 22 23 25 26 31 31 29 35 40 43 49 48 52 55 54 62 61 62 68 74 74 79 85 99 106 125 138 158 174 195 226 252 281 338 394 472 574 712 949 1203 1620 2324 3734 6559 14865 59578 
66 17 19 20 21 21 21 24 25 27 27 29 33 32 35 39 40 43 45 50 54 64 66 72 77 81 91 101 111 118 129 144 157 183 204 223 247 298 340 405 484 599 748 928 1212 1664 2387 3669 6668 14950 59820 
67 23 22 25 26 24 26 25 24 25 27 27 28 30 33 39 41 42 43 46 51 59 64 71 75 83 89 97 107 114 125 128 152 168 198 225 269 304 352 390 471 576 746 934 1196 1620 2387 3745 6650 14885 59806 
68 14 19 19 20 22 22 23 24 25 30 31 33 31 35 35 41 42 49 49 55 58 64 70 76 83 94 104 113 121 138 153 172 188 209 233 263 304 342 387 482 589 725 919 1205 1634 2380 3741 6617 14787 59781 
69 22 24 25 27 28 28 27 30 34 36 37 41 45 46 48 47 49 54 58 63 65 73 76 90 94 108 121 128 132 139 151 157 177 196 225 259 296 344 403 477 565 712 924 1218 1641 2334 3731 6492 14789 59268 
70 20 20 20 20 21 22 23 24 27 31 30 31 35 41 43 51 52 53 54 59 64 67 69 85 87 89 98 107 120 130 145 156 174 190 220 257 296 344 400 477 571 711 927 1189 1615 2317 3718 6547 14817 59395 
71 28 25 25 26 26 28 31 32 35 37 37 40 43 42 49 48 53 58 59 62 67 70 76 83 90 93 104 110 114 126 139 156 176 194 224 262 297 347 405 478 579 705 912 1206 1658 2404 3696 6547 14877 59696 
72 25 25 25 25 25 29 30 34 35 38 40 39 41 41 43 47 51 52 57 60 69 76 76 84 88 98 101 113 126 134 150 164 188 207 239 273 320 360 419 489 609 753 955 1231 1643 2395 3783 6673 14703 59519 
73 21 22 24 25 26 29 28 24 26 29 31 33 38 42 46 49 55 57 65 67 68 70 75 80 85 92 99 109 117 133 155 170 182 202 228 261 295 346 427 503 603 753 939 1252 1645 2420 3756 6634 14995 59723 
74 18 18 18 17 18 19 22 26 28 28 29 32 33 38 43 49 50 54 57 62 66 70 76 75 81 86 97 109 126 133 158 173 194 214 229 257 296 352 416 496 602 744 924 1189 1654 2411 3650 6600 14803 59386 
75 24 23 25 26 26 26 27 31 34 36 35 38 41 43 43 46 50 52 55 62 68 73 80 85 92 99 104 111 127 135 149 167 189 214 228 279 302 343 401 488 601 762 955 1205 1670 2348 3717 6600 14926 59566 
76 23 24 24 25 24 24 26 27 29 30 31 32 34 35 39 40 41 45 51 54 62 64 69 74 83 89 101 103 117 134 140 158 176 199 228 262 291 348 419 497 580 734 936 1225 1665 2336 3700 6560 15028 59540 
77 25 25 25 28 27 26 26 29 28 30 31 30 34 39 41 45 44 50 60 63 64 66 69 76 78 86 93 104 115 130 143 164 183 202 231 266 309 364 420 485 605 733 914 1213 1673 2387 3739 6556 14861 59355 
78 19 21 21 22 23 24 26 27 28 33 34 37 37 41 45 50 54 57 60 64 71 74 80 86 93 99 103 116 127 138 150 172 197 221 244 273 296 340 408 492 582 746 932 1197 1643 2361 3699 6649 14934 59535 
79 24 25 24 27 28 28 28 27 28 34 35 37 37 42 43 46 51 55 60 65 66 68 77 82 88 94 103 108 123 132 147 166 188 217 247 274 312 365 422 510 615 730 908 1206 1662 2399 3719 6580 14900 59660 
80 21 22 23 25 26 28 30 32 30 36 38 37 35 38 39 39 43 46 52 53 59 61 67 71 80 89 103 111 119 134 141 157 183 201 230 267 295 358 400 482 581 707 904 1198 1659 2385 3726 6585 14888 59625 
81 21 21 26 30 31 33 34 35 36 38 40 45 45 48 51 55 57 57 64 70 74 76 81 86 94 100 105 105 111 130 151 170 193 216 238 267 320 348 418 495 608 738 937 1222 1659 2379 3746 6604 14798 59277 
82 28 28 29 30 30 31 31 33 34 36 39 42 45 50 51 52 58 61 63 67 69 75 80 84 97 100 104 116 127 136 156 172 183 203 222 256 290 347 403 499 608 725 909 1218 1700 2379 3716 6660 15042 59571 
83 23 22 23 24 24 28 26 27 29 31 34 35 41 42 46 48 53 53 55 60 63 66 71 76 75 80 91 105 118 122 139 165 186 206 221 261 291 347 418 501 594 722 913 1177 1662 2423 3739 6602 14935 59663 
84 25 26 27 27 27 30 32 39 39 39 39 40 43 47 47 49 51 58 62 61 67 71 77 85 87 90 96 103 118 134 149 167 180 198 221 258 282 329 397 458 576 713 879 1202 1637 2304 3667 6520 14814 59311 
85 21 22 24 26 28 28 31 31 33 33 32 33 38 41 43 47 51 52 54 55 60 64 68 75 81 89 99 102 113 128 145 169 187 210 237 266 300 347 401 506 594 731 920 1203 1669 2344 3770 6748 14876 60048 
86 19 21 24 25 27 28 31 29 31 34 36 35 35 38 40 45 47 51 53 54 61 68 76 80 82 89 99 111 121 131 146 164 185 214 236 265 296 346 413 494 587 716 903 1185 1630 2354 3726 6534 14843 59454 
87 18 19 21 24 25 25 25 25 26 26 26 29 30 33 37 41 43 46 51 50 57 66 70 71 81 92 94 102 115 125 142 157 176 210 240 255 291 355 405 487 596 728 931 1234 1654 2389 3815 6632 14874 59551 
88 23 26 26 27 31 31 33 36 37 37 41 41 39 41 41 45 51 57 65 69 72 79 82 87 89 98 106 116 126 131 145 163 178 203 234 267 298 344 404 490 592 756 936 1240 1674 2367 3649 6632 14749 59823 
89 16 17 16 18 20 20 22 22 24 25 27 27 31 31 34 37 39 40 44 49 50 58 66 75 79 83 86 97 108 117 134 150 176 185 223 258 296 332 401 477 593 746 924 1190 1661 2350 3729 6570 14849 59564 
90 17 19 20 22 23 24 27 29 30 33 35 38 40 46 45 48 49 56 61 64 68 71 71 78 86 92 106 117 122 139 160 173 180 203 214 251 295 359 430 488 604 743 949 1251 1690 2404 3747 6636 15016 59599 
91 22 22 24 25 26 27 30 28 33 32 35 35 36 38 38 41 46 50 52 53 60 60 67 75 89 104 106 108 115 122 132 150 165 191 223 251 307 350 406 490 589 724 940 1194 1635 2347 3686 6609 14823 59292 
92 23 23 24 26 24 28 28 29 30 32 32 34 35 37 41 45 45 52 56 61 61 68 73 80 84 89 96 100 115 127 137 153 158 193 219 252 280 327 391 490 594 743 904 1200 1648 2350 3666 6579 14869 59840 
93 22 22 22 24 25 24 25 29 30 30 32 35 37 42 45 50 59 60 63 70 72 78 81 86 89 95 98 112 124 138 165 184 213 233 243 262 296 343 405 497 592 738 960 1244 1651 2384 3673 6617 14937 59364 
94 14 16 16 17 24 23 23 27 27 30 35 35 36 37 40 45 49 53 51 52 55 57 62 70 77 89 97 111 121 131 147 166 181 203 237 267 317 358 419 491 596 732 920 1228 1686 2420 3753 6625 15097 59810 
95 25 26 28 28 31 34 34 37 38 38 43 45 46 45 45 51 52 60 61 64 67 72 72 75 80 90 96 107 118 131 147 167 179 199 218 244 277 336 411 495 574 718 907 1193 1684 2370 3688 6698 15079 59532 
96 24 26 26 24 24 27 28 31 33 33 37 36 36 40 42 46 53 56 58 65 69 73 78 81 90 93 104 113 120 137 147 152 173 198 226 267 299 334 397 495 577 720 901 1169 1651 2370 3686 6623 14846 59527 
97 25 25 27 29 33 33 30 32 33 34 33 35 38 41 42 43 45 47 54 58 63 67 70 81 86 89 93 102 108 123 143 151 166 194 229 260 290 337 383 477 600 702 903 1147 1624 2354 3608 6594 14872 59777 
98 25 28 31 33 33 36 39 41 39 40 39 40 42 41 46 46 49 51 50 55 59 68 71 80 87 99 108 119 126 140 149 161 180 208 230 267 307 346 392 490 585 727 949 1195 1616 2439 3690 6609 14841 59555 
99 20 20 24 25 26 28 30 31 32 33 35 39 41 42 42 50 51 52 52 55 59 61 66 71 80 86 96 105 120 128 141 151 171 189 212 250 302 354 394 478 571 710 931 1194 1603 2344 3680 6510 14802 59545 
100 26 29 29 28 30 30 32 35 37 38 37 39 40 43 44 47 51 55 61 67 69 75 80 89 92 95 101 105 111 127 143 157 181 205 225 269 314 357 389 473 574 735 921 1190 1600 2424 3717 6572 14798 59343 
101 22 23 23 23 22 22 24 27 29 31 33 35 35 40 45 43 39 45 53 51 55 64 71 72 74 80 86 94 107 124 142 162 176 196 226 248 274 329 401 503 604 722 901 1181 1676 2393 3715 6649 14974 59624 
102 24 26 26 26 26 25 26 28 29 31 29 32 33 38 46 48 47 49 55 62 67 71 74 82 88 90 106 115 125 134 145 166 176 191 222 262 304 351 395 493 577 718 915 1210 1685 2358 3709 6610 14943 59668 
103 21 26 28 28 29 30 33 36 37 37 37 41 43 45 48 49 54 58 61 61 63 65 72 77 81 89 97 107 122 127 141 159 180 199 229 255 292 350 409 482 612 728 922 1222 1664 2347 3693 6571 14822 59401 
104 19 19 22 21 23 24 27 29 31 32 35 36 35 38 42 47 45 48 52 55 59 57 59 61 75 86 90 105 120 133 149 160 170 193 214 258 291 331 398 495 595 717 911 1205 1649 2358 3616 6612 14892 59721 
105 18 20 21 21 20 21 27 28 30 33 32 34 33 34 38 41 43 45 48 50 55 52 61 71 80 90 93 108 121 130 137 147 166 183 222 249 285 333 382 460 555 718 892 1207 1612 2346 3692 6544 14796 59262 
106 22 23 24 24 27 28 28 34 35 39 40 42 44 45 49 51 52 57 58 64 65 65 71 81 87 94 103 114 133 134 143 164 178 203 213 250 303 351 405 490 582 744 928 1236 1662 2346 3714 6623 14947 59585 
107 20 20 21 21 22 25 26 27 28 33 36 37 41 41 42 42 43 44 48 52 58 65 71 77 82 87 98 107 118 128 143 154 177 196 223 257 292 345 394 487 567 731 896 1180 1642 2388 3698 6603 14910 59470 
108 23 25 24 24 26 26 27 26 27 30 33 38 42 41 45 49 52 56 66 70 74 78 80 80 81 87 91 102 115 133 149 177 203 212 229 253 293 336 399 487 583 705 912 1184 1655 2394 3727 6595 14978 59599 
109 25 27 28 29 30 30 32 34 37 38 40 41 43 46 48 53 56 55 60 63 69 72 75 84 92 94 104 108 116 134 144 163 181 199 227 273 296 358 423 490 600 750 921 1198 1643 2393 3691 6640 14810 59675 
110 25 26 28 29 29 30 34 34 35 39 41 46 45 46 49 52 56 60 64 65 63 70 72 78 90 101 106 123 123 135 139 154 174 195 231 266 304 349 403 480 601 738 941 1201 1630 2404 3735 6686 14836 59785 
111 20 21 23 23 24 24 31 33 31 32 33 34 35 36 41 46 46 52 54 54 57 64 70 67 80 91 97 101 112 123 144 156 189 203 223 256 297 352 416 504 607 720 919 1227 1698 2349 3680 6655 14893 59358 
112 20 23 23 25 26 27 28 32 33 34 33 32 34 35 35 39 42 42 46 50 54 55 60 69 78 88 96 106 111 127 138 140 161 177 202 225 289 345 393 468 565 697 902 1212 1648 2339 3731 6562 14783 59603 
113 19 20 21 22 23 28 29 31 34 36 38 38 39 42 43 48 48 51 60 64 66 70 76 87 91 98 102 109 119 137 147 168 183 197 217 255 300 344 417 485 586 756 940 1208 1647 2367 3679 6596 14812 59753 
114 17 17 20 22 24 25 27 29 30 29 29 32 34 35 35 39 43 46 49 51 57 59 69 78 85 90 99 109 118 126 143 166 179 201 224 257 311 354 407 476 561 698 928 1240 1659 2391 3704 6623 14884 59516 
115 25 25 25 26 26 25 27 30 30 32 34 40 39 41 42 44 49 51 53 56 59 62 70 81 81 86 95 104 118 130 142 151 177 203 233 265 298 342 409 485 565 719 917 1195 1655 2345 3702 6576 14858 59437 
116 20 19 20 23 25 27 34 32 31 36 36 39 41 43 45 48 50 54 53 60 61 69 74 81 88 93 104 118 135 146 162 175 186 201 230 265 311 363 418 497 596 722 926 1242 1665 2342 3716 6572 14924 59625 
117 25 26 25 25 30 33 32 33 32 33 35 35 37 40 46 49 51 52 55 59 58 71 79 84 95 91 104 109 116 127 140 158 179 196 235 264 318 359 409 478 600 770 963 1222 1638 2396 3747 6667 14968 59581 
118 22 21 22 25 25 26 27 29 30 30 32 32 33 38 41 45 47 55 57 64 72 74 82 85 88 90 96 104 115 131 143 159 182 213 239 261 293 329 396 476 598 716 926 1212 1648 2335 3725 6598 14814 59560 
119 18 18 18 20 23 24 26 29 30 32 35 37 40 40 44 47 54 54 58 60 61 65 67 77 84 88 93 108 118 124 139 161 187 200 228 253 299 354 407 479 607 732 907 1202 1634 2406 3750 6596 14977 59657 
120 21 22 21 23 24 25 25 26 26 30 31 32 34 35 38 40 43 51 54 55 59 62 67 78 80 88 90 99 112 127 145 167 174 197 224 251 284 337 404 481 572 713 900 1196 1671 2386 3664 6583 14843 59612 
121 21 23 24 24 25 26 28 30 37 39 41 43 46 50 53 55 59 61 62 62 65 70 78 76 84 94 101 107 120 138 155 171 193 205 241 261 314 353 422 509 602 737 936 1250 1706 2423 3816 6653 14975 59637 
122 26 26 26 26 28 29 29 32 32 33 33 35 41 42 45 46 49 51 54 57 60 71 73 82 91 94 98 112 125 140 156 178 192 211 234 278 306 352 408 499 600 734 919 1183 1631 2407 3720 6655 14892 59519 
123 17 18 19 19 21 23 24 26 28 32 35 37 39 39 42 43 48 52 54 58 60 62 69 78 82 93 98 107 124 140 146 168 179 193 213 228 285 345 423 482 588 729 910 1227 1629 2341 3739 6620 14892 59679 
124 21 22 23 24 25 27 27 29 29 32 35 35 36 40 43 44 47 50 55 57 62 63 70 80 82 91 106 117 131 136 149 159 187 204 222 259 291 331 397 488 587 733 936 1228 1654 2375 3721 6576 14850 59564 
125 23 25 26 25 24 27 28 28 34 40 37 37 39 40 40 45 46 46 51 51 54 61 68 76 85 95 103 108 116 131 142 160 175 186 215 251 290 327 400 489 593 712 920 1189 1645 2360 3665 6603 14856 59760 
126 27 26 27 28 29 29 29 29 31 31 35 37 38 40 42 46 55 60 64 70 70 75 79 84 91 95 102 106 114 131 154 167 195 223 252 279 312 349 401 499 608 736 935 1229 1638 2391 3737 6563 14962 59486 
127 27 28 28 30 32 31 34 35 37 40 41 44 46 46 47 50 50 54 57 56 57 57 63 72 78 91 102 110 116 129 144 159 175 194 215 252 285 344 409 490 581 706 923 1208 1630 2348 3717 6597 14853 59480 
128 27 29 29 31 34 33 35 36 36 36 39 42 41 43 46 50 52 54 60 61 66 72 74 82 82 91 93 102 112 123 139 157 183 202 231 258 308 361 421 496 593 728 932 1221 1660 2446 3756 6653 14852 59807 
129 26 27 27 27 27 27 28 33 33 34 36 37 36 38 40 45 50 58 59 67 64 65 71 76 80 86 95 106 117 127 139 164 177 206 236 263 307 332 399 473 586 704 903 1163 1624 2375 3647 6505 14776 59840 
130 26 27 27 28 26 28 30 31 33 33 34 38 39 44 47 52 55 56 61 62 65 71 75 80 85 92 104 116 123 128 144 159 192 213 240 262 296 353 422 502 607 735 950 1222 1649 2405 3759 6663 14941 59699 
131 29 29 29 30 31 31 31 36 38 37 37 39 41 45 46 49 54 57 65 65 70 79 84 89 96 96 101 109 114 126 148 176 199 219 248 271 313 346 402 494 630 734 932 1188 1662 2405 3712 6573 14867 59477 
132 26 27 29 29 32 33 36 37 39 42 42 44 44 48 48 47 47 48 54 60 62 70 74 86 85 94 103 117 126 139 158 169 177 197 223 255 293 349 404 489 600 719 907 1196 1616 2324 3687 6513 14935 59621 
133 23 25 24 24 25 28 30 34 38 41 43 42 43 45 46 47 51 55 65 64 62 66 72 76 84 90 97 108 115 132 151 168 183 207 227 269 299 352 406 475 582 720 902 1210 1625 2372 3717 6617 14943 59763 
134 26 27 26 27 27 29 30 31 31 32 33 34 37 42 48 54 57 62 63 69 76 77 77 81 85 95 105 109 121 133 153 163 193 217 230 276 315 344 415 501 609 740 912 1203 1691 2390 3697 6674 14951 59840 
135 22 24 28 29 29 30 28 29 30 31 32 36 36 40 40 42 45 46 51 59 64 70 73 77 85 100 107 116 126 137 145 168 182 197 234 264 296 330 387 470 585 734 907 1174 1625 2392 3703 6600 14787 59529 
136 22 24 28 29 29 29 31 35 37 38 37 36 40 42 46 47 49 51 53 56 62 68 74 83 93 103 110 120 128 144 150 161 180 202 225 265 309 357 395 489 603 726 924 1257 1667 2380 3780 6652 14796 59666 
137 24 24 26 26 27 28 30 32 34 35 36 39 40 44 42 45 48 47 52 58 59 63 68 77 86 97 105 110 116 122 138 149 168 191 210 237 309 350 399 470 584 721 911 1194 1608 2318 3699 6572 14683 59508 
138 20 21 21 21 22 22 28 30 31 33 35 37 38 42 48 51 53 58 60 64 66 68 77 79 87 98 109 122 127 136 148 166 180 203 230 269 302 346 411 492 584 715 916 1196 1608 2362 3721 6550 14820 59230 
139 18 17 18 19 21 22 25 26 29 29 31 33 34 34 40 41 42 46 49 51 58 63 68 73 74 80 87 100 122 126 139 145 168 193 218 243 281 338 405 500 596 732 911 1187 1628 2378 3697 6620 14914 59639 
140 25 27 29 29 29 29 30 33 35 33 35 36 38 40 42 45 48 51 55 55 61 64 68 79 80 87 90 97 109 126 136 157 173 202 225 248 277 322 385 469 584 729 913 1198 1667 2404 3757 6687 14878 59633 
141 16 16 18 18 19 19 19 26 27 32 32 33 32 31 35 39 41 44 50 49 54 62 64 71 71 82 84 95 100 116 142 156 172 186 208 235 275 321 397 488 593 706 871 1203 1677 2331 3696 6599 14958 59598 
142 23 23 25 26 27 28 30 31 33 39 37 39 40 44 47 51 53 59 58 61 62 62 66 83 85 90 95 102 117 135 150 171 183 202 231 259 293 336 390 478 600 746 918 1193 1641 2394 3701 6597 14928 59477 
143 17 18 19 21 22 25 27 28 28 32 31 34 38 39 39 43 47 48 49 52 55 58 67 73 80 92 97 105 116 124 145 158 171 193 216 245 298 340 404 473 575 709 904 1185 1657 2390 3690 6566 14958 59610 
144 26 26 27 28 29 29 30 32 35 38 41 43 45 48 54 56 60 63 62 69 69 79 81 82 85 96 108 121 129 146 156 169 186 199 235 258 277 325 386 492 601 743 929 1191 1653 2403 3709 6649 14926 59491 
145 21 24 26 26 28 30 30 33 31 33 37 39 40 43 49 53 53 56 58 60 63 69 72 80 84 95 102 107 115 133 148 170 201 216 237 272 296 336 407 499 611 740 916 1185 1654 2355 3681 6608 14911 59406 
146 27 26 26 28 31 30 33 35 38 42 43 47 47 50 51 54 60 60 60 66 74 76 74 83 101 102 111 125 135 152 155 174 190 209 238 281 316 366 434 500 587 723 914 1272 1652 2409 3761 6586 14773 59267 
147 23 25 26 26 27 28 32 33 34 40 38 42 42 45 48 51 54 54 56 58 67 70 70 86 89 98 106 116 123 139 152 165 185 220 244 269 310 356 404 503 610 745 949 1212 1642 2408 3708 6601 14916 59890 
148 28 27 26 26 27 27 28 29 29 31 34 33 36 39 42 44 48 56 62 70 73 80 81 82 91 95 103 104 117 133 153 176 191 212 250 272 300 349 409 509 628 743 943 1211 1727 2380 3716 6623 14947 59720 
149 24 24 23 25 28 30 34 37 38 38 39 40 43 43 45 48 51 57 59 63 67 72 78 82 93 99 106 116 132 139 154 164 187 194 224 275 305 352 405 487 591 735 920 1212 1665 2387 3762 6620 14931 59853 
150 24 24 28 28 29 28 28 26 27 27 29 31 33 37 41 42 43 47 50 55 55 58 65 75 83 88 100 111 118 131 140 156 176 196 220 263 304 343 393 477 597 759 951 1213 1626 2425 3703 6645 15063 59941 
151 21 22 24 26 26 27 29 28 31 32 33 33 37 38 39 44 48 51 57 60 63 72 76 79 85 91 97 104 105 121 138 149 167 196 227 247 279 316 371 454 584 708 880 1157 1614 2339 3681 6593 14938 59484 
152 18 18 18 20 21 22 26 25 27 29 31 36 36 41 40 46 50 52 57 58 62 68 75 76 84 94 100 111 122 138 147 172 181 193 214 251 285 364 426 503 595 732 925 1211 1673 2403 3729 6592 14992 59710 
153 20 21 24 25 25 25 27 29 33 39 37 38 41 41 43 49 51 55 55 62 62 71 78 84 89 96 101 121 127 133 150 161 190 204 234 264 311 371 442 492 604 727 924 1234 1671 2395 3734 6637 14846 59557 
154 26 24 24 24 24 27 28 30 30 33 31 33 35 35 43 41 49 59 59 68 67 73 80 83 88 99 104 106 114 126 135 158 184 202 233 254 306 342 394 476 585 740 910 1203 1686 2407 3605 6620 14837 59546 
155 20 20 22 23 23 24 25 26 28 30 31 30 33 37 39 39 45 42 47 49 60 67 71 73 80 90 95 111 121 130 147 171 188 208 236 261 299 341 412 484 581 711 955 1248 1663 2393 3741 6635 14839 59422 
156 25 25 27 28 29 29 29 30 32 32 36 37 38 41 43 48 49 51 57 62 71 72 75 77 78 83 94 103 112 128 142 155 176 200 220 248 289 357 409 508 616 734 920 1208 1705 2375 3609 6644 14985 59596 
157 23 21 22 22 25 26 29 30 35 32 35 38 37 37 39 43 49 56 62 65 70 72 77 79 83 93 104 112 123 134 139 151 170 201 222 249 307 350 424 498 586 719 896 1216 1655 2347 3740 6560 14927 59649 
158 24 23 23 28 29 31 30 32 32 33 36 39 40 44 44 48 51 52 53 58 67 69 71 79 90 96 104 109 126 137 152 163 183 192 219 256 295 345 402 499 601 727 910 1215 1675 2372 3738 6576 15017 59354 
159 23 22 23 24 27 28 30 32 33 34 36 41 39 40 40 44 46 46 50 50 53 57 70 77 84 98 107 110 122 121 139 157 167 190 212 246 308 358 407 480 579 723 919 1216 1615 2346 3710 6513 14871 59583 
160 23 22 23 23 25 31 34 33 36 36 38 36 36 41 47 48 50 53 59 61 65 67 71 78 81 94 102 110 121 142 153 163 187 213 231 250 293 332 394 501 609 750 935 1220 1667 2382 3697 6617 14791 59650 
161 22 25 24 25 26 29 31 33 35 37 38 40 42 44 46 50 50 52 56 62 70 72 79 78 87 89 103 112 130 145 162 174 188 201 223 258 306 355 430 495 595 725 902 1216 1656 2370 3687 6652 14910 59556 
162 21 22 22 20 21 23 27 31 31 34 35 41 43 44 46 49 53 53 54 58 67 71 77 80 86 92 101 114 128 138 149 160 179 204 225 258 297 352 414 485 600 732 944 1243 1644 2358 3711 6579 14715 59409 
163 27 29 29 30 31 32 31 32 35 37 37 39 43 46 48 49 51 57 64 67 71 81 92 98 102 110 119 129 137 150 159 171 185 204 228 259 304 361 431 516 587 736 938 1230 1639 2356 3776 6541 14959 59450 
164 27 29 29 29 33 28 28 31 34 34 36 35 39 41 42 45 48 53 59 67 70 76 85 86 90 94 102 115 128 137 146 174 185 205 230 264 302 342 404 486 594 709 926 1218 1652 2375 3701 6638 14858 59527 
165 28 28 30 31 35 36 35 34 33 35 41 43 44 47 48 47 50 53 57 60 64 73 83 89 97 96 99 107 117 132 146 166 183 199 231 265 308 351 423 499 597 743 944 1211 1640 2383 3704 6647 14923 59564 
166 21 21 24 22 24 28 30 30 33 38 39 42 45 43 45 46 48 49 50 53 53 66 64 69 80 79 89 109 120 133 150 164 177 192 225 259 293 333 393 469 572 726 930 1187 1617 2380 3673 6661 14765 59496 
167 20 20 21 20 20 21 22 22 22 26 30 29 33 35 38 40 46 50 55 63 65 64 65 72 76 81 86 100 105 121 137 161 180 195 230 254 276 321 385 458 579 716 892 1176 1652 2377 3665 6701 14807 59607 
168 20 21 21 23 25 26 28 29 31 31 34 37 37 39 42 45 53 58 59 66 68 77 79 88 94 98 104 118 129 137 146 163 176 205 229 261 293 349 403 489 590 723 923 1213 1658 2367 3721 6591 14945 59634 
169 21 21 22 25 26 28 28 32 34 34 36 37 39 40 38 41 49 52 56 60 61 65 71 78 81 89 98 111 121 130 139 160 173 208 251 272 322 359 416 471 582 745 939 1212 1632 2415 3731 6662 14840 59841 
170 20 19 19 18 21 21 21 23 25 29 32 32 35 40 45 48 49 52 53 58 57 67 69 75 82 87 89 98 117 130 142 161 179 205 225 252 279 327 404 463 579 712 903 1174 1643 2321 3599 6590 14817 59547 
171 26 27 26 24 24 26 27 28 31 31 32 32 30 30 37 37 36 38 43 48 53 66 66 70 78 90 100 106 107 118 128 145 162 181 209 247 301 323 385 448 559 690 876 1156 1599 2328 3682 6587 14861 59484 
172 26 27 27 28 30 31 34 36 37 38 39 39 45 46 47 50 52 49 52 57 62 70 72 80 87 95 101 109 118 121 135 147 163 187 226 271 299 358 399 455 570 733 924 1183 1585 2348 3706 6575 14742 59361 
173 23 22 23 27 28 29 29 31 32 32 34 34 36 41 45 45 48 49 52 56 63 68 79 82 91 99 99 109 120 132 150 161 182 209 231 257 296 342 395 473 561 708 948 1225 1629 2357 3715 6641 14819 59473 
174 22 27 28 27 29 30 29 32 35 37 38 41 43 45 48 52 57 58 59 64 68 71 80 89 97 103 109 119 125 144 159 170 186 206 234 275 322 367 432 497 615 739 930 1208 1698 2365 3708 6616 14835 59506 
175 19 22 22 22 23 24 24 25 29 30 31 33 35 38 39 42 46 53 59 57 59 66 69 74 75 81 88 101 121 134 151 171 181 197 214 242 295 341 421 487 591 715 912 1227 1708 2372 3708 6667 14919 59678 
176 25 26 26 28 28 29 30 30 30 36 38 43 43 49 50 52 55 57 58 61 67 71 77 90 94 94 105 116 125 134 159 178 195 218 247 281 317 361 411 504 610 767 962 1241 1679 2433 3706 6695 14852 59377 
177 22 24 28 29 29 28 29 32 33 35 37 38 37 38 41 41 47 54 57 59 63 70 80 91 96 96 102 108 122 129 146 159 182 205 224 266 303 355 418 493 607 744 920 1204 1617 2342 3676 6580 14815 59486 
178 21 22 23 24 25 26 27 28 30 30 32 33 34 41 46 47 53 57 66 66 65 69 74 79 82 88 99 115 118 135 152 176 197 214 228 255 296 333 402 501 603 725 898 1184 1719 2307 3702 6657 14943 59621 
179 26 27 26 27 29 30 36 37 41 43 44 47 50 49 53 53 58 62 63 66 70 75 78 88 93 102 106 116 132 141 162 178 189 218 250 270 308 364 438 528 622 745 933 1232 1662 2379 3769 6617 14989 59838 
