// Execution time obtained for the epsilon_net method before optimization.

Model of kernel : Simple_cartesian
Number type : Gmpq

0 : 0.241232 1.03304 3.21705 11.041 
1 : 0.237425 1.19606 3.72566 12.6963 
2 : 0.205393 1.11549 3.47498 12.0659 
3 : 0.724945 3.32171 9.60161 27.72 
4 : 0.271889 1.26232 3.7606 12.258 
5 : 0.383335 1.95969 5.25393 16.5563 
6 : 0.498983 1.94918 5.51649 16.8501 
7 : 0.601157 1.95115 6.66786 18.9965 
8 : 0.210942 1.05498 3.50395 11.9639 
9 : 0.372812 2.03362 6.00229 19.3587 
10 : 0.325806 1.7054 5.51051 17.0977 
11 : 0.207306 0.831566 2.73379 10.0533 
12 : 0.439437 1.99093 5.65293 17.6685 
13 : 0.279806 1.30679 4.12531 13.4454 
14 : 0.521275 2.60299 7.63816 24.0526 
15 : 0.230327 1.01929 3.04891 10.5781 
16 : 0.321043 1.24166 3.78768 12.6069 
17 : 0.327142 1.36826 4.03144 12.9122 
18 : 0.409592 2.00611 4.61282 17.4453 
19 : 0.205529 1.06187 3.29095 12.2041 
20 : 0.469527 1.61453 6.37618 18.8557 
21 : 0.253253 1.23374 3.5507 12.796 
22 : 0.265596 1.16483 3.7032 12.5942 
23 : 0.424382 2.20642 6.48556 18.4725 
24 : 0.188006 0.896161 2.94094 10.7366 
25 : 0.289823 1.30278 3.95201 12.1609 
26 : 0.312549 1.34636 4.28521 14.2148 
27 : 0.30052 1.7295 5.01295 14.1993 
28 : 0.605603 2.45669 7.34889 21.3594 
29 : 0.457395 1.78328 5.30747 16.9623 
30 : 0.487162 1.77146 5.08784 15.0838 
31 : 0.35797 1.8061 5.11022 15.4623 
32 : 0.327155 1.6006 4.7232 15.0324 
33 : 0.323932 1.30621 3.41422 14.7675 
34 : 0.205471 0.957129 3.13614 11.0506 
35 : 0.434577 1.92013 5.12841 18.8464 
36 : 0.318054 1.61443 4.72817 15.1136 
37 : 0.377547 1.68032 4.74095 15.3239 
38 : 0.201134 1.1677 3.73933 12.6857 
39 : 0.274082 1.07389 2.99901 9.99808 
40 : 0.602295 2.5311 7.18513 20.6711 
41 : 0.28941 1.43047 4.58906 14.9757 
42 : 0.272363 1.18542 3.56065 12.0291 
43 : 0.580729 2.65921 7.68833 24.2281 
44 : 0.259936 1.13567 3.5879 11.7677 
45 : 0.417214 1.99461 6.28695 20.1869 
46 : 0.254255 1.38587 4.553 15.3883 
47 : 0.285198 1.19626 3.16617 11.9512 
48 : 0.265325 1.46094 4.34523 14.3556 
49 : 0.224776 1.17704 3.86523 13.0268 
50 : 0.28238 1.33307 4.25797 14.1183 
51 : 1.50851 5.56067 16.7119 46.4004 
52 : 0.345214 1.47338 5.65973 17.9665 
53 : 0.260352 1.00169 3.12613 12.4939 
54 : 0.632344 3.02542 9.15942 27.4832 
55 : 0.353779 1.36195 4.2911 14.0613 
56 : 0.563627 2.30281 7.38963 22.5309 
57 : 0.179794 0.904768 3.19239 11.6583 
58 : 0.303335 1.33779 4.26812 14.094 
59 : 0.630748 3.06522 8.68392 25.7308 
60 : 0.295922 1.34345 3.07826 13.0254 
61 : 0.2558 1.04483 3.55291 12.868 
62 : 0.298783 1.44097 4.56918 14.4722 
63 : 0.492528 2.36648 6.95097 20.4366 
64 : 0.405437 1.67536 5.10482 16.2914 
65 : 0.799755 3.28855 8.54094 23.781 
66 : 0.517204 2.54353 7.3213 22.482 
67 : 0.378345 1.5271 4.49972 14.5205 
68 : 0.18675 1.41561 4.30298 14.0827 
69 : 0.269752 1.36425 4.27254 14.2572 
70 : 0.507851 1.99626 5.79577 18 
71 : 0.241455 1.03537 3.27846 11.6573 
72 : 0.29515 1.36395 4.40866 14.0867 
73 : 0.321294 1.26626 3.76974 12.5581 
74 : 0.258646 1.49038 4.52101 16.3233 
75 : 0.337939 1.27185 4.0833 13.8153 
76 : 0.425531 1.8559 6.29979 19.5131 
77 : 0.286203 1.13599 3.77058 12.9307 
78 : 0.188101 0.907845 3.01886 10.081 
79 : 0.608506 2.76261 6.94725 20.8312 
80 : 0.35688 1.43996 4.48507 14.5036 
81 : 0.247113 1.01467 4.14768 13.9271 
82 : 0.750829 2.59608 7.954 22.3767 
83 : 0.594191 2.15554 6.12208 18.0681 
84 : 0.226305 1.22845 3.31168 11.3833 
85 : 0.30519 1.45451 4.28076 14.0897 
86 : 0.321238 1.35687 4.25242 13.9799 
87 : 0.202582 0.870928 2.71659 9.9773 
88 : 0.276963 1.29883 4.08923 14.0952 
89 : 0.535217 2.43243 7.49504 23.4614 
90 : 0.333331 1.51786 4.64021 14.4962 
91 : 0.693375 3.36361 8.3299 25.0086 
92 : 0.450063 1.72508 5.03119 15.2871 
93 : 0.220188 0.881302 2.97346 8.99597 
94 : 0.360592 1.51526 4.17635 12.7734 
95 : 0.280776 1.52504 5.2307 15.9667 
96 : 0.370147 1.64806 5.22816 17.0657 
97 : 0.22024 0.959293 3.04983 11.0103 
98 : 0.350834 1.59845 4.63678 12.8949 
99 : 0.294969 1.36441 4.13395 13.6277 
Average time for epsilon = 0.5 : 0.371627
Average time for epsilon = 0.2 : 1.65211
Average time for epsilon = 0.1 : 4.96868
Average time for epsilon = 0.05 : 15.8741

----------------------------------------------------------------------------------------------------
Model of kernel : Cartesian
Number type : Gmpq

0 : 0.241876 1.03417 3.22046 11.1977 
1 : 0.236407 1.16224 3.86184 12.7612 
2 : 0.205556 1.11589 3.48526 11.8973 
3 : 0.756014 3.37723 9.15981 24.6465 
4 : 0.272143 1.26347 3.80625 12.8379 
5 : 0.383533 1.95866 5.24713 16.176 
6 : 0.499372 1.9507 5.519 16.8528 
7 : 0.601959 2.38381 6.79729 18.861 
8 : 0.184126 0.883264 2.61 11.4275 
9 : 0.370617 2.03409 6.01368 19.3397 
10 : 0.326346 1.70755 5.52152 17.537 
11 : 0.207953 0.829546 2.70602 9.97771 
12 : 0.435872 1.98492 5.64159 17.5361 
13 : 0.278743 1.30239 4.10972 13.455 
14 : 0.521455 2.60224 7.73687 23.9601 
15 : 0.227764 1.00035 3.04016 8.92789 
16 : 0.241301 0.93015 2.8548 12.5056 
17 : 0.32945 1.17537 3.95787 13.1338 
18 : 0.407827 1.99456 5.68462 17.6477 
19 : 0.205264 1.05988 3.14458 11.7511 
20 : 0.469526 2.22596 6.39803 19.8023 
21 : 0.253028 1.22977 3.86966 12.7634 
22 : 0.265488 1.16209 3.68943 12.5874 
23 : 0.42075 2.18176 6.25235 19.6911 
24 : 0.187129 0.890931 2.91203 10.8339 
25 : 0.302456 1.30786 3.94846 13.0101 
26 : 0.311332 1.34755 4.28552 14.1762 
27 : 0.300773 1.72979 5.00956 15.1901 
28 : 0.419563 1.83601 7.53168 22.1088 
29 : 0.454921 1.78406 5.32321 16.8071 
30 : 0.486548 1.76363 5.07123 15.4534 
31 : 0.358438 1.80534 5.1001 16.3987 
32 : 0.327649 1.59783 4.81078 15.334 
33 : 0.325093 1.30666 4.26767 14.939 
34 : 0.205196 0.954058 3.12377 10.9485 
35 : 0.431279 1.90549 4.60672 18.263 
36 : 0.318491 1.58035 4.73785 15.2962 
37 : 0.375778 1.67905 4.95928 15.3027 
38 : 0.201601 1.16928 3.72418 11.8182 
39 : 0.27453 1.07386 3.07024 10.5439 
40 : 0.601815 2.52833 7.17914 21.4094 
41 : 0.287389 1.42096 4.57529 14.3874 
42 : 0.272815 1.18535 3.5633 12.1607 
43 : 0.579792 2.65097 7.72415 21.1899 
44 : 0.260276 1.13465 3.58733 11.7838 
45 : 0.41693 2.13807 6.30315 17.3146 
46 : 0.254055 1.38471 4.54245 15.3415 
47 : 0.284646 1.13362 3.55127 12.3344 
48 : 0.334782 1.46284 4.32949 14.3457 
49 : 0.225672 1.17757 3.86772 13.0556 
50 : 0.282949 1.33453 4.263 14.1196 
51 : 1.50968 6.01998 15.802 48.9688 
52 : 0.490201 1.92778 5.66939 17.9529 
53 : 0.261156 1.15525 3.65846 12.5936 
54 : 0.685939 3.02837 9.10452 26.0706 
55 : 0.353399 1.35923 3.98003 13.8273 
56 : 0.562219 2.29687 7.40312 22.7684 
57 : 0.179984 0.904427 3.18956 11.4779 
58 : 0.303503 1.33457 4.25717 14.4198 
59 : 0.631757 3.06829 8.6992 25.9174 
60 : 0.296446 1.34447 4.16865 12.6402 
61 : 0.195838 0.796596 2.70599 11.938 
62 : 0.300851 1.44431 4.58439 14.6393 
63 : 0.382501 2.08992 5.8855 18.6907 
64 : 0.405796 1.6781 4.83591 16.7553 
65 : 0.801084 3.28705 8.47287 24.1253 
66 : 0.517999 2.54607 7.32915 22.4879 
67 : 0.378777 1.53732 4.50299 14.8841 
68 : 0.258243 1.42026 4.23015 13.5093 
69 : 0.270511 1.27231 4.2564 13.9679 
70 : 0.509036 1.87217 5.76559 18.0313 
71 : 0.242378 1.03719 3.28381 11.7144 
72 : 0.296045 1.36647 4.41379 14.1593 
73 : 0.321772 1.27064 3.77942 12.269 
74 : 0.260482 1.49294 4.88248 16.3576 
75 : 0.338613 1.27338 4.09028 13.7957 
76 : 0.426308 1.85775 6.30782 19.8287 
77 : 0.286393 1.13633 3.77328 12.9154 
78 : 0.189257 0.90889 3.02265 10.8966 
79 : 0.633367 2.75856 6.98256 20.7641 
80 : 0.356331 1.4378 4.47741 14.9877 
81 : 0.34004 1.39055 4.24137 14.0728 
82 : 0.749618 2.59362 7.94519 24.1951 
83 : 0.593102 2.1611 5.28359 18.0738 
84 : 0.226612 1.2258 4.01356 12.8106 
85 : 0.223571 1.33179 4.31036 14.0811 
86 : 0.322288 1.35968 4.26246 13.9842 
87 : 0.203831 0.873293 2.72351 9.99163 
88 : 0.277566 1.30172 4.10202 14.0907 
89 : 0.536303 2.42307 7.5135 22.0717 
90 : 0.334101 1.52097 4.64577 13.8154 
91 : 0.743434 3.36105 8.96952 25.7087 
92 : 0.422299 1.72771 5.00341 15.6184 
93 : 0.220659 0.881725 2.96024 10.6314 
94 : 0.348226 1.48533 4.33092 13.8159 
95 : 0.389731 1.85569 5.46664 15.9704 
96 : 0.367533 1.64371 5.62284 17.8725 
97 : 0.161553 0.858217 3.01923 10.8203 
98 : 0.351795 1.60109 4.72724 14.206 
99 : 0.295578 1.36164 4.14749 12.2914 
Average time for epsilon = 0.5 : 0.37178
Average time for epsilon = 0.2 : 1.65714
Average time for epsilon = 0.1 : 4.971
Average time for epsilon = 0.05 : 15.8862

----------------------------------------------------------------------------------------------------
Model of kernel : Simple_cartesian
Number type : Exact_rational

0 : 0.237498 1.01229 3.00506 10.516 
1 : 0.232368 1.16277 3.68338 12.1053 
2 : 0.203079 1.09196 3.38436 12.1732 
3 : 0.499069 2.84392 8.29454 27.4689 
4 : 0.268349 1.24113 3.7018 11.8074 
5 : 0.380297 1.93708 5.16485 16.2943 
6 : 0.495536 1.9404 5.45554 14.3017 
7 : 0.599064 2.35956 6.21285 17.2902 
8 : 0.210105 1.04 3.22953 12.0049 
9 : 0.367855 2.01997 5.87078 18.5721 
10 : 0.271192 1.28476 4.73592 16.6535 
11 : 0.203099 0.806138 2.64147 9.19384 
12 : 0.294096 1.33467 4.56081 16.9246 
13 : 0.274738 1.13022 3.88844 13.0109 
14 : 0.519068 2.58203 7.8101 23.7613 
15 : 0.22475 0.991102 2.95085 10.0275 
16 : 0.319191 1.17086 3.62209 11.9583 
17 : 0.322859 1.28246 3.94646 12.4396 
18 : 0.404589 1.97331 5.60996 17.0234 
19 : 0.20192 1.04086 3.30881 11.7138 
20 : 0.467232 2.21366 6.00134 18.9621 
21 : 0.252695 1.13764 3.63471 11.8635 
22 : 0.261244 1.13933 3.5939 11.5969 
23 : 0.418215 2.16553 6.40036 19.2955 
24 : 0.182714 0.867192 2.81177 9.99801 
25 : 0.299783 1.28666 3.86541 11.8441 
26 : 0.257283 1.1879 4.13369 13.6893 
27 : 0.299669 1.71057 4.96109 15.1555 
28 : 0.603537 2.4311 7.25031 20.3444 
29 : 0.45224 1.60958 5.13864 15.4446 
30 : 0.484971 1.74578 4.8307 14.9976 
31 : 0.357218 1.78969 5.02875 16.0206 
32 : 0.324405 1.58205 4.74821 14.7457 
33 : 0.321526 1.28621 4.1138 14.2178 
34 : 0.201729 0.885306 2.53274 10.7009 
35 : 0.429135 1.89447 5.44538 18.3948 
36 : 0.316092 1.56207 4.60344 15.028 
37 : 0.374367 1.57084 4.43928 13.9081 
38 : 0.166088 0.967536 3.51546 11.7863 
39 : 0.2705 1.04745 2.97998 10.5788 
40 : 0.603722 2.51476 6.45866 20.0794 
41 : 0.284469 1.39781 4.45744 14.6011 
42 : 0.268419 1.16209 3.47118 11.9339 
43 : 0.577408 2.54143 7.64365 22.2585 
44 : 0.191403 1.032 3.3756 11.3944 
45 : 0.414919 2.12297 5.97575 19.3465 
46 : 0.251602 1.36869 4.48801 15.1408 
47 : 0.285288 1.17431 3.37423 12.1112 
48 : 0.331608 1.44641 4.27899 13.9645 
49 : 0.221218 1.1574 3.7873 12.7268 
50 : 0.27973 1.23801 3.96501 13.61 
51 : 1.51159 5.87776 15.7281 47.5952 
52 : 0.487027 1.90739 5.26413 16.9271 
53 : 0.258391 1.09951 3.61417 12.4234 
54 : 0.642224 3.01602 9.29388 27.3418 
55 : 0.350077 1.34645 4.1335 12.6149 
56 : 0.40205 2.26471 6.89469 20.5648 
57 : 0.175795 0.87982 3.09858 10.5976 
58 : 0.299253 1.31178 4.1801 14.08 
59 : 0.628339 3.05514 7.88312 25.6266 
60 : 0.29308 1.33714 3.97273 13.1472 
61 : 0.253215 1.03539 3.3935 12.4356 
62 : 0.215982 1.36223 4.35996 14.2764 
63 : 0.491982 2.24678 6.82665 20.4038 
64 : 0.368325 1.48832 4.93776 15.9874 
65 : 0.797222 3.26706 8.46694 23.8317 
66 : 0.364062 2.10447 6.88073 22.1853 
67 : 0.375554 1.50905 4.4161 14.1324 
68 : 0.256232 1.39457 4.22713 13.7215 
69 : 0.266854 1.34542 4.18591 13.2459 
70 : 0.504431 1.96885 5.64467 16.5531 
71 : 0.23809 1.01567 2.94937 11.3183 
72 : 0.292808 1.34758 4.24656 13.3224 
73 : 0.319477 1.25015 3.67192 11.4747 
74 : 0.256014 1.45677 4.67433 16.0562 
75 : 0.335424 1.25516 3.74585 13.1277 
76 : 0.423242 1.84564 6.07972 19.1425 
77 : 0.283808 1.11486 3.68295 12.6248 
78 : 0.188082 0.890488 2.7541 9.77748 
79 : 0.629211 2.75205 6.90174 19.8547 
80 : 0.280745 1.37657 4.40177 13.9553 
81 : 0.336884 1.37228 4.10911 13.7973 
82 : 0.749863 2.22156 7.39817 21.7785 
83 : 0.59027 2.07849 6.05357 18.6202 
84 : 0.222581 0.950575 3.27931 12.707 
85 : 0.30204 1.4675 3.43391 13.1919 
86 : 0.318997 1.31436 3.87124 13.5506 
87 : 0.152876 0.787982 2.51751 8.57074 
88 : 0.274863 1.12652 3.3074 13.4168 
89 : 0.565268 2.24334 6.87111 21.4388 
90 : 0.33108 1.50193 4.25142 14.5509 
91 : 0.6927 3.20498 8.69437 24.935 
92 : 0.418604 1.70585 4.76891 14.7047 
93 : 0.159481 0.625443 2.80655 9.81438 
94 : 0.282411 1.47153 4.25954 13.3791 
95 : 0.38877 1.83938 5.40483 15.0852 
96 : 0.3645 1.52784 4.70114 18.259 
97 : 0.213813 0.937324 2.92191 10.3018 
98 : 0.346808 1.57913 4.63517 13.5561 
99 : 0.217863 1.28393 4.05935 13.1867 
Average time for epsilon = 0.5 : 0.360974
Average time for epsilon = 0.2 : 1.60845
Average time for epsilon = 0.1 : 4.80238
Average time for epsilon = 0.05 : 15.4417

----------------------------------------------------------------------------------------------------
Model of kernel : Cartesian
Number type : Exact_rational

0 : 0.237782 1.01169 3.08398 10.4126 
1 : 0.235129 1.1732 3.78263 12.4369 
2 : 0.202889 1.09391 3.38091 12.0247 
3 : 0.752567 3.3405 9.52066 26.5425 
4 : 0.268795 1.14062 3.36203 12.3203 
5 : 0.380095 1.93724 5.16061 16.2442 
6 : 0.496293 1.93045 5.43259 16.5239 
7 : 0.599034 2.35943 6.70257 18.6772 
8 : 0.207311 1.03572 3.4316 11.9569 
9 : 0.367181 1.8027 5.82557 18.6193 
10 : 0.323504 1.68662 5.4332 17.0797 
11 : 0.167726 0.708955 2.45334 9.41035 
12 : 0.433236 1.9676 5.58928 16.9454 
13 : 0.199126 1.13958 3.57508 12.6957 
14 : 0.459672 2.4659 7.44343 22.3163 
15 : 0.225848 0.888466 2.78714 10.0347 
16 : 0.315299 1.2147 3.692 11.9723 
17 : 0.3232 1.39366 3.93977 12.8371 
18 : 0.403698 1.97412 5.59747 17.3514 
19 : 0.202794 1.03743 3.26533 11.8118 
20 : 0.367187 1.78655 6.20739 17.6653 
21 : 0.251234 1.21023 3.65947 12.5759 
22 : 0.261887 1.14135 3.20907 12.2411 
23 : 0.419471 2.17289 5.63625 18.9704 
24 : 0.183402 0.871866 2.39122 9.90022 
25 : 0.298546 1.28468 3.62597 12.2957 
26 : 0.310477 1.33706 4.22545 13.8757 
27 : 0.297879 1.71665 4.69726 15.3888 
28 : 0.601423 2.42899 7.45984 21.0739 
29 : 0.45131 1.76411 5.2462 16.3567 
30 : 0.482717 1.74416 4.92698 14.5583 
31 : 0.354771 1.78546 5.022 15.1437 
32 : 0.326136 1.59043 4.36368 14.9255 
33 : 0.331564 1.28417 4.17751 14.6797 
34 : 0.201328 0.93154 3.03713 10.4783 
35 : 0.428092 1.89138 5.20717 17.7659 
36 : 0.314884 1.55887 4.25243 14.6344 
37 : 0.374782 1.66169 4.87761 14.2311 
38 : 0.165366 0.873715 3.55042 11.198 
39 : 0.272649 1.05528 2.99722 9.17166 
40 : 0.600127 2.50893 7.03969 19.7853 
41 : 0.286149 1.31984 3.14206 13.7411 
42 : 0.270826 1.16479 3.4801 12.3385 
43 : 0.574515 2.62874 7.63143 22.6071 
44 : 0.187024 0.810394 2.73751 11.0804 
45 : 0.414509 2.12411 5.56757 18.9301 
46 : 0.25081 1.36503 4.32937 14.9451 
47 : 0.282038 1.1724 3.46101 11.9902 
48 : 0.331414 1.41939 4.22 11.9764 
49 : 0.180174 1.11961 3.78687 11.0191 
50 : 0.279223 1.28724 3.99239 13.8888 
51 : 1.5051 5.72577 16.2454 45.7879 
52 : 0.486497 1.64401 5.46476 17.3611 
53 : 0.257445 1.13544 3.43086 12.6109 
54 : 0.683683 3.02483 9.09882 27.9957 
55 : 0.34927 1.33734 4.19335 13.8402 
56 : 0.559044 2.25044 6.84361 21.4529 
57 : 0.177136 0.883654 2.99009 11.3703 
58 : 0.30097 1.2065 3.62804 13.5549 
59 : 0.6283 3.04704 8.61279 23.5189 
60 : 0.292156 1.32337 4.08023 12.7633 
61 : 0.252519 1.02571 3.243 12.1523 
62 : 0.218409 1.05415 4.3847 14.3108 
63 : 0.489432 2.34742 6.86542 20.6734 
64 : 0.402741 1.65731 4.80067 16.2408 
65 : 0.799584 3.27561 8.32445 23.2166 
66 : 0.446749 2.50444 7.25598 22.0063 
67 : 0.375231 1.50627 4.41422 14.1599 
68 : 0.25486 1.39549 3.92188 12.748 
69 : 0.266377 1.34371 3.59979 13.4937 
70 : 0.50467 1.9708 5.69949 16.176 
71 : 0.238421 1.01365 3.15113 10.8977 
72 : 0.29347 1.34285 4.32332 13.6888 
73 : 0.317978 1.24717 3.69538 11.9054 
74 : 0.254926 1.47504 4.82257 15.9099 
75 : 0.335174 1.25507 4.00971 13.4547 
76 : 0.422357 1.83691 6.23589 19.0218 
77 : 0.285272 1.11688 3.22335 12.4689 
78 : 0.185469 0.884944 2.9265 9.64689 
79 : 0.431176 2.38825 6.88079 20.4831 
80 : 0.352404 1.41609 4.39437 14.7282 
81 : 0.336541 1.374 4.15186 13.8156 
82 : 0.745483 2.56969 7.42117 23.5644 
83 : 0.593872 1.92964 6.0332 18.7795 
84 : 0.221638 1.20289 3.92972 13.1375 
85 : 0.303018 1.43087 4.2193 13.8487 
86 : 0.318809 1.33826 4.17304 13.6924 
87 : 0.198922 0.850232 2.63007 9.52978 
88 : 0.274021 1.28257 4.014 13.7869 
89 : 0.533715 2.41955 7.4789 22.7793 
90 : 0.331458 1.3425 4.58826 14.1653 
91 : 0.754848 3.35146 8.46397 25.5005 
92 : 0.420976 1.71455 4.94416 15.3202 
93 : 0.215939 0.859277 2.86913 10.3436 
94 : 0.343708 1.46213 4.24015 13.4823 
95 : 0.386051 1.83351 5.38157 15.9638 
96 : 0.363343 1.62344 5.54809 18.3965 
97 : 0.214157 0.939335 2.93769 10.4243 
98 : 0.348179 1.58108 4.63234 13.8841 
99 : 0.293846 1.34168 4.0581 13.7179 
Average time for epsilon = 0.5 : 0.367184
Average time for epsilon = 0.2 : 1.62397
Average time for epsilon = 0.1 : 4.84093
Average time for epsilon = 0.05 : 15.4942
