---------- insertions ----------
surface/epsilon 0.5 0.45 0.4 0.35 0.3 0.25 
1000 57 63 74 107 136 178 

---------- total locate ----------
surface/epsilon 0.5 0.45 0.4 0.35 0.3 0.25 
1000 21 22 24 32 44 60 

---------- max locate ----------
surface/epsilon 0.5 0.45 0.4 0.35 0.3 0.25 
1000 1 1 1 1 2 2 

---------- zero locate ----------
surface/epsilon 0.5 0.45 0.4 0.35 0.3 0.25 
1000 36 41 50 75 93 119 

---------- total flips ----------
surface/epsilon 0.5 0.45 0.4 0.35 0.3 0.25 
1000 195 208 233 320 396 503 

---------- max flips ----------
surface/epsilon 0.5 0.45 0.4 0.35 0.3 0.25 
1000 13 13 13 13 13 13
