----------------------------------------------------------------------------------------------------
Algo : epsilon_net_anchors

0 : 0.098393 0.504609 1.55522 5.49288 
1 : 0.099098 0.44701 1.52517 5.55298 
2 : 0.087902 0.474507 1.61984 5.63323 
3 : 0.274334 1.143 3.70303 11.3003 
4 : 0.154319 0.669962 2.12142 8.15381 
5 : 0.189411 0.952894 2.88227 9.59027 
6 : 0.220297 0.926962 2.83138 9.13456 
7 : 0.280061 1.24333 3.53343 10.3826 
8 : 0.107036 0.498931 1.82669 6.33289 
9 : 0.140931 0.748623 2.21967 7.35859 
10 : 0.16137 0.705862 2.22423 7.70321 
11 : 0.092067 0.43082 1.4454 5.15847 
12 : 0.197083 0.962174 3.29134 10.6307 
13 : 0.100837 0.464822 1.5384 5.49153 
14 : 0.272939 1.24786 3.91105 12.7759 
15 : 0.107061 0.437774 1.45299 4.92125 
16 : 0.118346 0.531859 1.72994 6.11848 
17 : 0.143945 0.729516 2.33012 7.63672 
18 : 0.18005 0.70921 2.10029 7.35021 
19 : 0.102428 0.463128 1.45361 5.34999 
20 : 0.313579 1.62901 4.7951 13.0914 
21 : 0.132265 0.58737 1.84354 6.28331 
22 : 0.073896 0.445805 1.51538 6.69035 
23 : 0.136021 0.611755 2.1611 8.72515 
24 : 0.089844 0.453089 1.43553 4.7377 
25 : 0.128844 0.54467 1.75005 5.81327 
26 : 0.134896 0.582368 2.31149 7.9626 
27 : 0.180681 0.898161 2.74503 8.90908 
28 : 0.222746 0.965788 3.4415 10.5009 
29 : 0.204011 0.892455 2.90534 9.68067 
30 : 0.220097 1.05379 2.98978 8.58259 
31 : 0.143858 0.579149 1.45877 6.80939 
32 : 0.278185 1.24791 3.99732 13.8782 
33 : 0.152978 0.698381 2.03309 6.83604 
34 : 0.093771 0.515397 1.58091 5.58053 
35 : 0.212178 1.09998 3.40731 10.7072 
36 : 0.14683 0.734718 2.41487 7.78562 
37 : 0.185679 0.803779 2.82817 10.4316 
38 : 0.113693 0.531206 1.8237 6.20251 
39 : 0.162707 0.75022 2.24815 7.09674 
40 : 0.261241 1.11176 3.51022 11.3588 
41 : 0.11284 0.539016 2.00918 7.0444 
42 : 0.111148 0.501693 1.4468 5.87946 
43 : 0.24729 1.25077 3.908 12.0163 
44 : 0.127154 0.637965 2.24158 7.87862 
45 : 0.212721 0.895154 1.93487 5.59603 
46 : 0.112788 0.614182 2.59094 8.75751 
47 : 0.140429 0.587882 1.90423 6.57836 
48 : 0.161031 0.662921 1.98335 6.55506 
49 : 0.10802 0.464483 1.48514 5.34377 
50 : 0.121864 0.587443 2.20675 7.56427 
51 : 0.607087 2.73256 8.10155 24.1045 
52 : 0.18958 0.862589 2.98673 9.00462 
53 : 0.132424 0.626052 2.012 6.40635 
54 : 0.295139 1.26391 3.81692 10.8988 
55 : 0.151962 0.662571 2.09435 6.51004 
56 : 0.191976 0.775549 2.56197 8.36006 
57 : 0.094436 0.502753 1.72988 5.77968 
58 : 0.130664 0.674702 2.10752 8.3463 
59 : 0.344751 1.68021 4.92147 14.8691 
60 : 0.114683 0.579698 1.90497 6.24375 
61 : 0.143053 0.603663 1.90839 6.63448 
62 : 0.145042 0.696817 2.23288 7.50245 
63 : 0.225996 0.979004 2.72958 9.55929 
64 : 0.301172 1.25712 3.67136 11.9388 
65 : 0.329589 1.28484 3.44652 10.5 
66 : 0.212734 0.887535 2.73625 8.99837 
67 : 0.1678 0.820901 2.33409 7.65751 
68 : 0.117059 0.626085 1.96617 6.50823 
69 : 0.148581 0.76148 2.59138 8.43531 
70 : 0.269728 1.08217 2.74262 9.55798 
71 : 0.110269 0.45219 1.555 4.74768 
72 : 0.127491 0.990293 3.58408 10.7984 
73 : 0.088119 0.477354 1.85789 6.13059 
74 : 0.11917 0.609142 2.08583 7.35637 
75 : 0.178965 0.808302 2.54069 9.05406 
76 : 0.172289 0.641053 1.88224 5.6725 
77 : 0.142193 0.675707 2.09407 7.18823 
78 : 0.092646 0.568213 1.96234 6.93285 
79 : 0.280487 1.12232 3.55233 11.2464 
80 : 0.142209 0.692919 2.22372 7.47455 
81 : 0.190829 0.838175 2.24659 7.60822 
82 : 0.318165 1.45823 4.21286 12.6647 
83 : 0.246633 1.08042 3.18458 10.2306 
84 : 0.111073 0.487902 1.55867 5.33414 
85 : 0.152131 0.594664 2.08965 7.22406 
86 : 0.197473 0.900113 2.67653 8.97658 
87 : 0.097323 0.459645 1.51855 5.51728 
88 : 0.134975 0.673037 1.97344 6.74285 
89 : 0.184788 0.890947 2.65315 8.43176 
90 : 0.124459 0.589734 1.82283 6.09444 
91 : 0.295842 1.54776 4.4044 13.7275 
92 : 0.187175 0.814467 2.51217 8.54267 
93 : 0.11617 0.49424 1.71003 6.08173 
94 : 0.173977 0.798953 2.41633 7.12869 
95 : 0.197739 0.98758 2.87952 9.24028 
96 : 0.140424 0.660788 2.01863 6.76324 
97 : 0.100619 0.521481 1.60472 5.15296 
98 : 0.098124 0.672698 2.20097 7.50172 
99 : 0.152213 0.852241 2.56876 8.23188 
Average time for epsilon = 0.5 : 0.171586
Average time for epsilon = 0.2 : 0.794919
Average time for epsilon = 0.1 : 2.4839
Average time for epsilon = 0.05 : 8.18559

----------------------------------------------------------------------------------------------------
Algo : epsilon_net_old

0 : 0.237498 1.01229 3.00506 10.516 
1 : 0.232368 1.16277 3.68338 12.1053 
2 : 0.203079 1.09196 3.38436 12.1732 
3 : 0.499069 2.84392 8.29454 27.4689 
4 : 0.268349 1.24113 3.7018 11.8074 
5 : 0.380297 1.93708 5.16485 16.2943 
6 : 0.495536 1.9404 5.45554 14.3017 
7 : 0.599064 2.35956 6.21285 17.2902 
8 : 0.210105 1.04 3.22953 12.0049 
9 : 0.367855 2.01997 5.87078 18.5721 
10 : 0.271192 1.28476 4.73592 16.6535 
11 : 0.203099 0.806138 2.64147 9.19384 
12 : 0.294096 1.33467 4.56081 16.9246 
13 : 0.274738 1.13022 3.88844 13.0109 
14 : 0.519068 2.58203 7.8101 23.7613 
15 : 0.22475 0.991102 2.95085 10.0275 
16 : 0.319191 1.17086 3.62209 11.9583 
17 : 0.322859 1.28246 3.94646 12.4396 
18 : 0.404589 1.97331 5.60996 17.0234 
19 : 0.20192 1.04086 3.30881 11.7138 
20 : 0.467232 2.21366 6.00134 18.9621 
21 : 0.252695 1.13764 3.63471 11.8635 
22 : 0.261244 1.13933 3.5939 11.5969 
23 : 0.418215 2.16553 6.40036 19.2955 
24 : 0.182714 0.867192 2.81177 9.99801 
25 : 0.299783 1.28666 3.86541 11.8441 
26 : 0.257283 1.1879 4.13369 13.6893 
27 : 0.299669 1.71057 4.96109 15.1555 
28 : 0.603537 2.4311 7.25031 20.3444 
29 : 0.45224 1.60958 5.13864 15.4446 
30 : 0.484971 1.74578 4.8307 14.9976 
31 : 0.357218 1.78969 5.02875 16.0206 
32 : 0.324405 1.58205 4.74821 14.7457 
33 : 0.321526 1.28621 4.1138 14.2178 
34 : 0.201729 0.885306 2.53274 10.7009 
35 : 0.429135 1.89447 5.44538 18.3948 
36 : 0.316092 1.56207 4.60344 15.028 
37 : 0.374367 1.57084 4.43928 13.9081 
38 : 0.166088 0.967536 3.51546 11.7863 
39 : 0.2705 1.04745 2.97998 10.5788 
40 : 0.603722 2.51476 6.45866 20.0794 
41 : 0.284469 1.39781 4.45744 14.6011 
42 : 0.268419 1.16209 3.47118 11.9339 
43 : 0.577408 2.54143 7.64365 22.2585 
44 : 0.191403 1.032 3.3756 11.3944 
45 : 0.414919 2.12297 5.97575 19.3465 
46 : 0.251602 1.36869 4.48801 15.1408 
47 : 0.285288 1.17431 3.37423 12.1112 
48 : 0.331608 1.44641 4.27899 13.9645 
49 : 0.221218 1.1574 3.7873 12.7268 
50 : 0.27973 1.23801 3.96501 13.61 
51 : 1.51159 5.87776 15.7281 47.5952 
52 : 0.487027 1.90739 5.26413 16.9271 
53 : 0.258391 1.09951 3.61417 12.4234 
54 : 0.642224 3.01602 9.29388 27.3418 
55 : 0.350077 1.34645 4.1335 12.6149 
56 : 0.40205 2.26471 6.89469 20.5648 
57 : 0.175795 0.87982 3.09858 10.5976 
58 : 0.299253 1.31178 4.1801 14.08 
59 : 0.628339 3.05514 7.88312 25.6266 
60 : 0.29308 1.33714 3.97273 13.1472 
61 : 0.253215 1.03539 3.3935 12.4356 
62 : 0.215982 1.36223 4.35996 14.2764 
63 : 0.491982 2.24678 6.82665 20.4038 
64 : 0.368325 1.48832 4.93776 15.9874 
65 : 0.797222 3.26706 8.46694 23.8317 
66 : 0.364062 2.10447 6.88073 22.1853 
67 : 0.375554 1.50905 4.4161 14.1324 
68 : 0.256232 1.39457 4.22713 13.7215 
69 : 0.266854 1.34542 4.18591 13.2459 
70 : 0.504431 1.96885 5.64467 16.5531 
71 : 0.23809 1.01567 2.94937 11.3183 
72 : 0.292808 1.34758 4.24656 13.3224 
73 : 0.319477 1.25015 3.67192 11.4747 
74 : 0.256014 1.45677 4.67433 16.0562 
75 : 0.335424 1.25516 3.74585 13.1277 
76 : 0.423242 1.84564 6.07972 19.1425 
77 : 0.283808 1.11486 3.68295 12.6248 
78 : 0.188082 0.890488 2.7541 9.77748 
79 : 0.629211 2.75205 6.90174 19.8547 
80 : 0.280745 1.37657 4.40177 13.9553 
81 : 0.336884 1.37228 4.10911 13.7973 
82 : 0.749863 2.22156 7.39817 21.7785 
83 : 0.59027 2.07849 6.05357 18.6202 
84 : 0.222581 0.950575 3.27931 12.707 
85 : 0.30204 1.4675 3.43391 13.1919 
86 : 0.318997 1.31436 3.87124 13.5506 
87 : 0.152876 0.787982 2.51751 8.57074 
88 : 0.274863 1.12652 3.3074 13.4168 
89 : 0.565268 2.24334 6.87111 21.4388 
90 : 0.33108 1.50193 4.25142 14.5509 
91 : 0.6927 3.20498 8.69437 24.935 
92 : 0.418604 1.70585 4.76891 14.7047 
93 : 0.159481 0.625443 2.80655 9.81438 
94 : 0.282411 1.47153 4.25954 13.3791 
95 : 0.38877 1.83938 5.40483 15.0852 
96 : 0.3645 1.52784 4.70114 18.259 
97 : 0.213813 0.937324 2.92191 10.3018 
98 : 0.346808 1.57913 4.63517 13.5561 
99 : 0.217863 1.28393 4.05935 13.1867 
Average time for epsilon = 0.5 : 0.360974
Average time for epsilon = 0.2 : 1.60845
Average time for epsilon = 0.1 : 4.80238
Average time for epsilon = 0.05 : 15.4417

----------------------------------------------------------------------------------------------------
Algo : epsilon_net_anchors

0 : 0.228334 1.06703 3.43401 13.0957 
1 : 0.316292 1.40491 4.37775 17.8941 
2 : 0.257349 1.19003 4.21762 15.2674 
3 : 0.605128 2.66272 8.60141 29.3615 
4 : 0.372506 1.39209 4.39831 15.906 
5 : 0.420279 1.85545 5.91951 19.8433 
6 : 0.431248 1.59059 5.00013 18.5013 
7 : 0.648686 3.00084 8.43913 25.065 
8 : 0.199767 0.956069 2.79299 12.8554 
9 : 0.303728 1.41403 4.79961 17.3031 
10 : 0.336755 1.52024 4.60264 15.1621 
11 : 0.246153 1.23296 3.95189 14.1501 
12 : 0.652958 2.68497 7.9772 24.5005 
13 : 0.260063 1.07835 3.44628 12.0007 
14 : 0.395469 1.77084 5.17975 18.2182 
15 : 0.250066 1.07356 3.53653 14.1105 
16 : 0.283239 1.42658 4.39828 16.4516 
17 : 0.486845 2.01947 6.26222 21.7487 
18 : 0.798123 3.54272 10.8183 33.2167 
19 : 0.177704 0.941152 2.95688 11.9496 
20 : 0.290786 1.51406 4.91836 17.6722 
21 : 0.322686 1.38994 4.2433 16.0431 
22 : 0.20656 1.07562 3.40734 13.3086 
23 : 0.498454 2.111 6.54631 22.8179 
24 : 0.195646 0.909998 2.89254 11.9184 
25 : 0.231937 0.884347 3.17842 12.9073 
26 : 0.185509 0.862117 2.89152 11.8829 
27 : 0.26275 0.989014 3.16192 12.9433 
28 : 0.650449 3.35476 9.65984 29.9589 
29 : 0.982923 4.2307 12.5962 40.2187 
30 : 0.354031 1.89031 6.73942 23.903 
31 : 0.387806 1.44215 4.73395 17.2401 
32 : 0.406412 2.00243 6.95831 23.7549 
33 : 0.379596 1.4957 4.39115 15.4443 
34 : 0.239958 1.08943 3.50692 13.3887 
35 : 0.666997 2.58661 7.87355 25.769 
36 : 0.283051 1.17061 3.71724 14.2293 
37 : 0.307738 1.3972 4.35371 16.0408 
38 : 0.259269 1.21185 3.81076 14.0983 
39 : 0.39811 1.9649 5.73689 20.4474 
40 : 0.535528 2.31914 7.29852 24.3471 
41 : 0.327255 1.58843 5.16031 18.3105 
42 : 0.245082 1.38269 4.56777 16.2682 
43 : 0.612246 2.93219 8.89801 32.475 
44 : 0.311928 1.40256 4.35191 15.3863 
45 : 0.336805 1.49624 4.5041 16.6564 
46 : 0.212414 1.19822 3.96399 14.9808 
47 : 0.283165 1.25924 4.20267 15.1755 
48 : 0.408537 1.52121 4.52051 15.8052 
49 : 0.232555 1.2102 3.50956 14.1418 
50 : 0.270554 1.29661 4.14366 15.0529 
51 : 0.348022 1.72352 5.09878 16.6691 
52 : 0.261283 1.87126 5.99221 19.4142 
53 : 0.28002 1.3251 4.40951 15.3998 
54 : 1.18351 5.58807 15.2042 45.314 
55 : 0.284891 1.60539 4.75611 16.6154 
56 : 0.467216 2.47236 7.62872 20.3151 
57 : 0.212553 0.906446 3.12223 12.3722 
58 : 0.290579 1.49068 4.95755 17.5954 
59 : 0.503418 1.6526 6.03766 21.9813 
60 : 0.305261 1.50626 4.75472 16.5428 
61 : 0.264669 1.13966 3.54983 13.823 
62 : 0.220065 0.923301 3.11037 12.1422 
63 : 0.505615 2.4377 7.41002 24.2275 
64 : 0.387608 1.82768 5.49716 19.719 
65 : 1.36446 5.7077 15.8217 44.9264 
66 : 0.30371 1.23142 3.6318 13.9853 
67 : 0.317497 1.41871 4.23629 15.0953 
68 : 0.252275 1.19719 3.54907 13.1528 
69 : 0.267839 1.39992 4.19324 15.1013 
70 : 0.520403 2.13296 6.2637 20.7551 
71 : 0.19862 1.00773 3.40408 12.2732 
72 : 0.172125 0.756481 3.01895 11.9807 
73 : 0.288239 1.03322 3.43805 13.7105 
74 : 0.294501 1.33615 4.69034 16.0226 
75 : 0.208825 0.922541 2.93374 11.434 
76 : 0.272674 1.19799 4.03951 14.9497 
77 : 0.297679 1.46059 4.38019 15.8574 
78 : 0.232716 1.02089 3.38107 12.374 
79 : 0.283772 1.43191 4.58234 16.8849 
80 : 0.333085 1.44504 4.08623 15.2187 
81 : 0.369988 1.75035 5.29293 18.5303 
82 : 0.657659 2.74229 8.68876 26.2235 
83 : 0.440656 1.90104 5.88671 21.0118 
84 : 0.20215 1.01778 3.36994 13.2333 
85 : 0.319141 1.34582 3.95432 11.9849 
86 : 0.559998 2.45576 6.09719 25.1495 
87 : 0.205468 0.965363 3.19279 12.8498 
88 : 0.327084 1.58739 4.72119 16.1549 
89 : 0.505085 2.38158 9.03305 33.1981 
90 : 0.245898 1.40168 4.86731 19.4636 
91 : 0.368965 1.51569 4.45532 15.5865 
92 : 0.349856 1.55877 5.07679 17.8202 
93 : 0.531305 2.35346 6.17161 24.9266 
94 : 0.548687 2.60201 7.4359 23.6115 
95 : 0.739579 3.29107 9.24408 27.4908 
96 : 0.326219 1.54444 4.66916 17.2536 
97 : 0.197568 1.14522 3.83826 14.2811 
98 : 0.251847 1.10638 3.59188 14.1456 
99 : 0.269617 1.12815 3.17202 12.4166 
Average time for epsilon = 0.5 : 0.374973
Average time for epsilon = 0.2 : 1.69969
Average time for epsilon = 0.1 : 5.25488
Average time for epsilon = 0.05 : 18.4037

----------------------------------------------------------------------------------------------------
Algo : epsilon_net_sorted_vector

0 : 0.431296 2.24554 7.33561 44.9857 
1 : 0.2572 1.16712 3.48485 36.2164 
2 : 0.273399 1.24215 5.03979 35.3503 
3 : 0.441392 1.80453 6.31855 43.4605 
4 : 0.349009 1.54693 5.3234 38.1482 
5 : 0.604393 2.4331 9.0911 52.6908 
6 : 0.701155 2.77195 9.66463 54.9504 
7 : 0.623588 3.03467 10.428 64.0588 
8 : 0.330809 1.48482 5.80608 41.6799 
9 : 0.370101 2.05009 7.58541 47.6503 
10 : 0.835327 3.84728 12.2023 69.6399 
11 : 0.538839 1.9576 7.56662 44.3103 
12 : 0.551731 2.6121 8.28879 55.6195 
13 : 0.248006 1.10301 4.83423 37.4604 
14 : 0.562202 1.81424 6.69437 42.9172 
15 : 0.27245 1.30897 5.45359 40.87 
16 : 0.215025 0.917977 4.43517 31.6948 
17 : 0.407099 1.89246 6.69191 42.0016 
18 : 0.255069 1.33659 5.12411 37.4561 
19 : 0.515418 2.46756 9.03932 54.9483 
20 : 0.689497 3.30973 11.0375 62.2424 
21 : 0.292465 1.56809 5.80898 40.6632 
22 : 0.421337 1.49346 7.30399 45.6681 
23 : 1.0531 4.35612 14.5271 71.5896 
24 : 0.467984 1.99653 7.22521 48.3058 
25 : 0.216807 0.896003 4.20186 38.061 
26 : 0.586921 2.94682 10.8404 63.0471 
27 : 0.273298 1.17301 4.92334 37.0871 
28 : 1.20164 5.97281 20.9188 94.8397 
29 : 0.291118 1.3284 5.41324 38.147 
30 : 0.417272 2.50015 9.10877 51.9796 
31 : 1.18145 4.56666 13.2189 60.4631 
32 : 0.998367 5.94429 19.8612 93.0348 
33 : 0.281228 1.38204 5.30462 39.9695 
34 : 0.658583 3.09533 11.1828 59.9575 
35 : 0.326403 1.84206 7.42035 51.1961 
36 : 0.540763 3.43232 13.139 69.8355 
37 : 0.654395 2.32897 8.95424 53.076 
38 : 0.368072 2.43639 8.7804 54.5557 
39 : 0.445733 1.96908 7.11404 47.9221 
40 : 0.335023 1.49334 5.69223 40.5887 
41 : 0.431264 1.83241 6.87912 45.9265 
42 : 0.204662 1.10107 4.74144 36.3584 
43 : 0.526874 3.18297 11.2031 62.0028 
44 : 0.678795 3.63022 13.8269 70.3262 
45 : 0.320748 1.2459 4.91589 35.2265 
46 : 0.237002 1.20942 5.18324 33.3422 
47 : 0.724557 4.65135 14.2981 75.1079 
48 : 1.59528 6.54164 20.9102 91.6615 
49 : 0.376313 2.09127 8.14388 48.5001 
50 : 0.364767 1.46318 5.89089 42.9935 
51 : 0.718314 3.76804 12.2281 69.1391 
52 : 0.897284 3.87921 13.9923 77.8137 
53 : 0.336479 1.76857 6.3267 40.8999 
54 : 0.836325 4.33249 14.826 84.0006 
55 : 0.315968 1.14834 4.63787 42.1094 
56 : 0.508651 1.93759 6.51269 40.8388 
57 : 0.528401 2.37151 8.54831 51.0695 
58 : 0.209744 1.12526 4.58117 35.1995 
59 : 0.473899 2.21419 8.57757 55.2578 
60 : 0.448659 2.3101 7.57778 46.0308 
61 : 0.675254 3.14553 10.7812 48.7343 
62 : 0.219564 1.37835 5.28424 33.071 
63 : 0.447544 1.99 7.13913 42.79 
64 : 0.370679 2.38485 9.13456 55.0493 
65 : 0.518352 2.41761 7.20414 41.599 
66 : 0.582964 2.66181 13.6272 72.1228 
67 : 0.497204 2.38562 9.78166 54.3658 
68 : 0.463877 1.7914 8.31817 47.1792 
69 : 0.398586 1.83714 7.37773 32.8525 
70 : 0.435083 1.77299 6.23344 43.215 
71 : 0.560376 2.675 8.49901 42.1374 
72 : 0.265433 1.25364 5.13773 29.6766 
73 : 0.154827 0.812225 3.28922 31.0097 
74 : 0.506987 2.69122 10.5791 58.578 
75 : 0.533018 2.55223 9.41276 56.3865 
76 : 0.242862 1.19746 5.26406 39.9148 
77 : 0.203922 1.09624 4.20107 31.3274 
78 : 0.375253 1.56881 7.37579 43.4816 
79 : 0.209944 1.18152 4.68581 40.2761 
80 : 0.323679 1.27673 5.90669 38.936 
81 : 0.49243 2.62341 8.83769 53.2352 
82 : 0.39492 2.23271 6.72861 44.9329 
83 : 0.425731 1.75224 7.47416 47.429 
84 : 0.752861 3.32597 11.269 57.9457 
85 : 0.453136 2.37254 8.16507 53.1509 
86 : 0.411127 2.13403 8.3311 48.9685 
87 : 0.504216 2.05868 7.29177 47.343 
88 : 0.436494 2.10985 7.48383 48.1664 
89 : 0.358149 1.59794 5.14232 39.7416 
90 : 0.203935 1.24406 5.11949 37.467 
91 : 0.558494 2.76955 9.63853 58.0942 
92 : 0.352942 1.37409 5.36822 39.1982 
93 : 0.552515 2.57081 8.19979 51.5074 
94 : 0.644304 3.06972 11.4082 59.7601 
95 : 0.63831 3.23361 9.61966 55.8966 
96 : 0.77708 3.78209 13.4559 67.4773 
97 : 0.318411 1.34004 5.09448 35.3569 
98 : 0.446545 2.07363 8.20646 52.05 
99 : 0.593314 2.56543 8.68475 50.4605 
Average time for epsilon = 0.5 : 0.485193
Average time for epsilon = 0.2 : 2.29176
Average time for epsilon = 0.1 : 8.30938
Average time for epsilon = 0.05 : 49.9303

